10.5209948498273230	-2.4402923687305145
7.0299529115447248	-1.8146892103396166
5.0109875806965567	-1.2504914775897036
4.0271075086251082	-0.9510018807510799
3.4972476791741962	-0.6112954573475229
3.3214146813099026	-0.4071692864097027
2.9930513872683684	0.8487273414338983
2.9741329686528988	0.6842767158873926
2.9645346813342646	0.6048789008192966
2.9487259592870414	0.4750363617810608
2.9544507875514086	0.3960079938893012
2.9812559968786201	0.2913098235904965
2.9917952294826082	0.2276374473362755
2.9682602769601880	0.1890660770108229
2.9514395633077668	0.1454833752782622
2.9317618856131560	0.1406463858575716
2.9359463064100990	0.1068220062005647
2.9206444733227999	0.0949247037261475
2.9238374799379456	0.0830160379697166
2.9162750928489269	0.0703147482191991
2.9148008865941577	0.0592675836369112
2.9117574307896774	0.0509862974625424
2.9099821703984801	0.0438479903504260
2.9086425360422217	0.0382069842790790
2.9066817609971221	0.0338473681868162
2.9052751636539695	0.0306220078100083
2.9059297750754047	0.0279301317548453
2.9049624950135629	0.0256509306160391
2.9050219678142635	0.0245412507097650
2.9053124613406185	0.0230504337381542
2.9058916057661981	0.0227393245662774
2.9073737885017641	0.0228532252538311
2.9084498032842911	0.0235456021659826
2.9098498799330343	0.0233675629035429
2.9110951185091336	0.0245929431064169
2.9135740965807475	0.0254479693254082
2.9161081995014522	0.0253796879125000
2.9176092250578542	0.0264139896444624
2.9211029969817268	0.0273462692956887
2.9233344050302188	0.0286255271459611
2.9262502396307899	0.0294597319497913
2.9302678171915653	0.0298216325205017
2.9327596942637499	0.0298056364172699
2.9370548180934328	0.0297167835935498
2.9403983848299879	0.0299664609145927
2.9444149069778325	0.0293761419457492
2.9478840662022709	0.0282597067931993
2.9506446771107870	0.0275720158160185
2.9545850561376357	0.0254775722489621
2.9579068807004765	0.0248100642164949
2.9600697067171695	0.0229304965689732
2.9630788108511976	0.0202438856894936
2.9644960908373235	0.0193263425913116
2.9661700925847079	0.0180907651927377
2.9673660553130126	0.0150953082808492
2.9683685601613892	0.0138281292005533
2.9699665865269571	0.0130631763640069
2.9713352046350088	0.0111683448585308
2.9714033191810993	0.0101043107907665
2.9721428559717071	0.0085587548327062
2.9739674837750973	0.0075272645776512
2.9743884308631356	0.0065942150829542
2.9745710831028771	0.0056008592316671
2.9746968987509081	0.0051257737173360
2.9746727433752649	0.0042564948549629
2.9749391831099383	0.0041675593286095
2.9749762320435700	0.0035480803106152
2.9751233895473961	0.0031454295496834
2.9747006953727362	0.0025580296450449
2.9744980933595953	0.0025006248473212
2.9744710281206688	0.0021725932883189
2.9744820470970721	0.0020668462508566
2.9742368033565412	0.0015271776391252
2.9745229873326893	0.0014753105761825
2.9745781417083283	0.0014766500185147
2.9748567450463961	0.0012369514555898
2.9747391887599153	0.0010141323574028
2.9744865261201379	0.0007716511277224
2.9746563611002044	0.0007117665662330
2.9746309472434653	0.0004423326819880
2.9743616602301008	0.0007856151892242
2.9742860501563464	0.0005969062037049
2.9744547971093001	0.0005015927277830
2.9744371933502114	0.0004948880545711
2.9745388591921778	0.0004043064631245
2.9746941334083439	0.0005929808908575
2.9744934991511407	0.0002338857628423
2.9744217657668450	0.0005771743557621
2.9742192147933917	0.0001196976308171
2.9742870268137107	0.0001796214469981
2.9743052310520621	0.0002849814802036
2.9740925323348320	0.0001082763593081
2.9742217325179627	0.0002006780869252
2.9737711854060116	0.0002175928304512
2.9736077914824977	-0.0001344094808889
2.9735022855501088	0.0000687669979693
2.9730977565494325	0.0000504695236614
2.9727320008968565	0.0001492636979859
2.9728604949132333	0.0000073713651588
2.9729448490831265	-0.0001491680727874
