26.1816011138958370	1.7951186725950614
12.9236322661174410	5.2644117469453553
11.6307855444277970	-5.7892120473603841
5.4653623347833742	-7.7978043242122732
4.8371220029843878	-5.8732634816822733
4.2178119386300734	-5.1013441511591484
2.6208004529204567	-3.2343669592058437
2.5020275673769583	-4.1569959630605942
1.6666549886396611	-3.2692290566775930
1.0649105920176420	-2.7942028370374090
1.0917073384014910	-2.5898508074524837
1.0317881847548149	0.7500297617933052
16.4717994040594850	-11.9159695731372710
21.0469412818168920	17.5500520475974010
-6.7296641201176080	15.8268520181388990
36.0830213179722960	-27.1037161619441350
13.6276655447313000	-0.7427056342336235
1.7987651637763891	7.7589279210938171
0.1907152382143466	-4.6714177521152314
4.2595174692988040	-2.2848483456994284
0.7069975288528971	-5.2436392421307394
2.3568990110896664	-4.0500899459769002
6.2160718355729472	5.9083975612417525
2.4321167736315665	-1.0173255033707314
4.5969567856273637	-3.4878770066692146
1.1291795088279133	-0.1134449271939772
0.5207745283934068	-0.2835654052199519
0.3680873058843743	-0.1804716352336080
0.3853962651021430	-0.1668018720932184
0.3501538188770933	-0.1543586688349735
0.3636389188391174	-0.1354542177032382
0.3570975844913724	-0.1044967733167173
0.3868307931902373	-0.1173791492329959
0.3692020159323992	-0.1026578715780791
0.3644197190371870	-0.0934889639455359
0.3573954203844605	-0.0768436573248769
0.3561299201497982	-0.0698180822657623
0.3522574845755292	-0.0629720582881569
0.3500476872792203	-0.0567734925144723
0.3473777980492581	-0.0514789070141300
0.3453494728838967	-0.0444415280938232
0.3440456859470221	-0.0408068982770579
0.3422105685406989	-0.0363852522369909
0.3409645491351619	-0.0272746192549752
0.3392468473549595	-0.0318914805112399
0.3383166202254674	-0.0296561206924190
0.3366954970448751	-0.0267179681327024
0.3362451525173507	-0.0252742412976234
0.3337385325251429	-0.0231098709858927
0.3328676067367678	-0.0223190200545819
0.3316060381423605	-0.0214617283766297
0.3298635854305401	-0.0199776188229166
0.3283322768795093	-0.0191027842450203
0.3265428149655294	-0.0179424655839776
0.3257263414256837	-0.0165723741554512
0.3245347427188844	-0.0160366345855694
0.3228855069531329	-0.0157948885833061
0.3215850528403801	-0.0155893756223861
0.3204566440757267	-0.0149954385044592
0.3191782881078140	-0.0145369056970229
0.3184561184611886	-0.0146439820274318
0.3163894858790989	-0.0130656490028043
0.3155929588303090	-0.0133567563952351
0.3143157961000737	-0.0132042515228848
0.3134267855413041	-0.0125834806154203
0.3109173973999258	-0.0120359760919214
0.3113260491736644	-0.0106141044275156
0.3091934972721810	-0.0123263635613315
0.3087978603041030	-0.0111547977639524
0.3070548251463613	-0.0133281046052877
0.3037102869614357	-0.0116812044174309
0.3022622641609754	-0.0087549164237618
0.3168790067628166	0.0034052526716074
0.3638210670055533	0.0472269256531828
0.3053128832259853	-0.0018779620106102
0.3213238529096124	-0.0401480567112838
0.3029144927763682	0.0044080835199978
0.3094088660594835	-0.0112180962708148
0.2916670425822796	0.0183414841013587
0.2955769169531219	-0.0008634591850258
0.3137938046348027	-0.0189749236620531
0.3107596663150645	-0.0254743811344550
0.2993691871080757	-0.0091249237526830
0.2960786998983853	-0.0121791907430443
0.3018616953280576	-0.0192615930523584
0.2907225551307605	-0.0093012231369954
0.2911893817514359	-0.0105707085606632
0.2886868495773207	-0.0001829800847553
0.2872539237739539	0.0077213656658391
0.2804034988914728	0.0005426630452613
0.2809837408616149	-0.0079149036337261
0.2992118723931239	-0.0089307619128757
0.2798896913515340	-0.0117732975749102
0.2918602822805078	0.0024395231144295
0.2781299483706632	-0.0062016955147239
0.2876701239493443	0.0028147731249105
0.2663832671405223	-0.0047626623545465
0.2749441627904958	-0.0279306161435966
0.2483621834871053	0.0193095830990662
0.2781219434359797	0.0359617679086514
