-7.9550636103153654	-22.6839397506178390
0.9368505122003120	14.3526284732935320
14.3045598973170960	14.0392550788616840
-16.6522821741842970	14.0074925649074320
-2.1128068918004477	-9.5127641694801799
-0.1348271164366025	-9.8510827133066527
-2.9654205453680733	-6.2334447443161052
-3.6972547567932823	-4.9510059177921306
-0.7047628568264490	-3.6784238550343153
4.0153543791577109	1.4240787131965305
1.4772024250875029	2.5987435950115780
1.3952869705027535	2.5402043443039304
1.3703740200935302	2.5963016945530475
1.3984166361303390	2.4736827666666081
1.5662348004639604	2.1334846346979588
1.7284792566805964	1.9861363516150692
1.8574083295514652	1.8830395385563043
1.9214918382176738	1.7655670505368022
1.9923920166686435	1.4327751325180895
1.8613702509275587	1.3797578622363482
2.0942944781987780	1.3815257964493721
2.2166535854550737	1.4211983772658641
2.2458057265232987	1.4665918881748541
2.3155115237347412	1.3296604702753567
2.4223229513949400	1.2890118264896531
2.3146324343677920	1.3507779431459914
2.3877825253994236	1.4374415310864139
2.2801236441011001	1.7248158606239383
2.4303850231576600	2.2161304668264461
2.9439029044754954	2.6484582892058537
3.2733707661493412	2.9637311624048324
4.0695187116901517	3.3179908385987020
5.3201278976769828	3.4184976332913348
6.0489708901360526	3.2331135741999892
7.0130911025141911	2.5562513232143709
7.7817105970841087	1.9014619109760209
8.5369996362553753	1.1435721321825838
8.7367350372237631	-0.0418488265728409
8.8316325929403821	-1.1174900591932126
8.5816616997913862	-2.5418226656457259
8.0837060858548693	-3.4789799986728807
6.9463256653785317	-4.3130182002290667
6.2667158150823026	-4.9995506147364166
4.9669140494849486	-5.1039510944935049
4.2648239771765839	-5.4056972493863151
3.5157582240600984	-5.0613460546792739
2.9213913072671827	-4.4485566004776578
2.2427845107170845	-4.3646547474667958
1.6890173018728358	-4.1622634987167508
1.1890297591839771	-3.7910359594535001
1.0498891719332764	-3.5210286408233475
0.8722125843036451	-3.5979177760845285
0.7418276715283779	-3.3745164968997616
0.2842683554250107	-3.2686320549226000
0.5477891427088701	-3.3816801555199349
0.1551067614312904	-3.8554030393422969
0.5018134763324219	-3.7767233911524074
0.3344558013175322	-4.2523000232982477
-0.5492811455119137	-4.3924761779569312
-0.0339553915722708	-6.2432610859988120
0.1861695544553076	-5.5325244844734245
-0.6320596005956357	-6.0065431283813089
0.4717849118398103	-7.6257829003485318
-0.8756459956167029	-9.4474743509304115
-1.5469251648296027	-8.7806091045075352
-3.7471249077973474	-7.9995668367241146
-6.6865547122162567	-8.2164333240902714
2.1439701973074516	-16.2497050301702650
5.6687257371348432	-9.3906573890488634
11.0386675709847760	-9.3903564751192210
0.8835002037253912	-16.6663876977278880
5.5886253164678346	-15.5073769089716130
8.4583454366082158	-5.7533763785136980
14.8199369866826430	-5.4531393710917806
13.1391589242620040	-5.4564484069469055
17.3199151925106700	7.0744836970877110
-3.0155913716819414	13.0660821557598350
12.3938401617728870	-7.1140127033151268
7.6552331735631185	5.0591614285464397
16.3593892974825540	4.5443831724581472
7.0881977882771654	-11.8653536309911680
6.2694428084092744	-8.6475066937978262
19.6070101126835150	6.1204255647589028
11.8215047437659160	-15.8322678368844850
18.8354499378064800	1.4929300124574123
17.8712207591124680	-5.4305364294017977
1.4875433149380124	11.4182276783205230
5.3143542889685476	-12.6245959426276930
12.5304095797775440	-13.1587250169896780
6.7635062544502915	-6.3129163746198484
4.4433037837293270	12.7916666703056250
-3.3760809891589867	-18.2792398557595850
13.8238963908412630	-21.7014062141610540
4.7685238263356799	-32.2351262904448030
6.5372662819633529	-24.3112363386659070
21.9184036060799490	-2.0790444989815158
-3.0830393490445243	19.6705845958433370
-1.6554269984551608	25.5332023709752960
1.8352076982812695	-39.7160847757666890
17.5676977465176240	-21.8713537793977650
