17.9347630942721320	-4.0573274379338180
9.4690896871108272	-3.2238918899407989
11.5837810839838050	-5.8613847899470546
8.9693502383855499	-5.1016675033583638
4.9971135055201774	-5.6585394603927419
3.6618445448857906	-5.3995502636109363
3.1921988232615486	-3.9757808118836273
2.7336307164301004	-3.6969330764392980
1.6397019463223304	-3.2131822752239025
1.4595168233975147	-2.9005790205538049
1.1195417915309471	-2.4458578518997105
0.6551150055955890	-1.7420456373164201
0.7402387196965274	-1.8147439060345869
0.6808206073297984	-1.5725574961135440
0.6288638346417742	-1.3517212307932216
0.5752894994323688	-1.1337559065736538
0.5273588644875781	-1.0142283879832996
0.4961868916741020	-0.8808977152059374
0.4664572931813324	-0.7601195812210395
0.4406217774734149	-0.6645599312809345
0.4196388243126989	-0.5749527716090453
0.4027987905276977	-0.4977367807374999
0.3896740379642986	-0.4306639125634603
0.3790522796439797	-0.3703260761780726
0.3708964912033821	-0.3215245606798542
0.3645595939590884	-0.2798884478708851
0.3582021053115176	-0.2436262256709750
0.3519232320859125	-0.2126105369703686
0.3440391134912886	-0.1848014657443270
0.3398894447786546	-0.1616368462352900
0.3287784992447686	-0.1371762054970487
0.3222232609377415	-0.1064881788761459
0.3526285822986978	-0.1057985319470183
0.3368325306896481	-0.0971957309188668
0.3292248299669730	-0.0854359653309263
0.3242032829747680	-0.0733891661638555
0.3236635939340769	-0.0657779192556449
0.3210605520830253	-0.0593365793536845
0.3192402232516697	-0.0528816426376089
0.3181590302479430	-0.0473682274895795
0.3161452667435374	-0.0427754697774165
0.3132187909632742	-0.0388879944304185
0.3112911435965888	-0.0355247262122155
0.3095068489273013	-0.0324779240795353
0.3070511969945147	-0.0301911180060134
0.3060991590576141	-0.0280742293985814
0.3048327046647040	-0.0272693789811558
0.3032365959531678	-0.0240928434485748
0.3006537696686566	-0.0242320881289543
0.2987642727363105	-0.0235194940641541
0.2964551384059327	-0.0206926121284730
0.3001134131197017	-0.0224467590241580
0.2926738481277024	-0.0200342440602763
0.2947823127437010	-0.0217064540070118
0.2981626769203887	-0.0165246882440981
0.2822013304407264	-0.0176041903948469
0.2997794597698094	-0.0126733320185482
0.2909394428357757	-0.0234235222785240
0.2783527755278049	-0.0111677350411830
0.2795034496284402	-0.0101944385258881
0.2799429347767510	-0.0219609362249994
0.2742266966235671	-0.0103499588196591
0.2840212254186387	-0.0156382169453674
0.2796075585885612	-0.0091387076381093
0.2745968180481313	-0.0209073476113648
0.2840745790637925	-0.0067845330997161
0.2850385928430335	-0.0121735846245290
0.2699671779730494	-0.0130741371160516
0.3179942009978453	0.0828788705072331
0.2993996732486489	-0.0172938162897160
0.2448176390582534	0.0460054577981735
0.2893432935840292	-0.0284391789423422
0.2978580284749133	-0.0349514561531290
0.2288577018470303	-0.0352044193534083
0.2816019337644322	-0.0014199678207866
0.2680684338775075	-0.0132791959110561
0.2878388066957926	-0.0183633106523427
0.2766270738060250	-0.0138871186705418
0.2937559862954926	-0.0255416698611832
0.2884283047557534	-0.0052478195535988
0.2812057870450496	0.0011397324519963
0.2797037189050617	-0.0013185957526828
0.2786704751729968	-0.0117265320498820
0.2769009159320205	-0.0119246528101965
0.2770637525338360	-0.0082678935284540
0.2726716063420406	-0.0086226955253120
0.2727017439347414	-0.0090532392716373
0.2788026402803160	-0.0120772158465349
0.2661105116343297	-0.0112334128312104
0.2691798214205165	-0.0105230970508882
0.2763620232989255	-0.0087666686960987
0.2659600024804526	-0.0027258051366229
0.2758282061428319	-0.0081096546835074
0.2732454451428402	-0.0033626243485166
0.2584062847607337	-0.0049927489059030
0.2715225674300582	0.0012843593824511
0.2834242449397069	-0.0076833188845891
0.2584821777626751	0.0068185055239410
0.2898437442805283	-0.0077346141246083
0.2591633507941439	0.0004538063759139
