-0.0723572911960335	-0.0026291479040525
-0.0445968018241729	0.0104346905916356
-0.0284697012900134	0.0143564834881635
-0.0203718680905927	0.0144260878039777
-0.0160757596730454	0.0139353080032886
-0.0124832435443004	0.0129613915361602
-0.0099901339560137	0.0111870370625300
-0.0086691959195947	0.0097645135139413
-0.0075436808832068	0.0089702976897610
-0.0066083308157602	0.0076614714406755
-0.0056906195507931	0.0073201881929663
-0.0050350672889613	0.0062806038337991
-0.0042778946884332	0.0064192052033899
-0.0042297685768393	0.0063702233013961
-0.0028537322318014	0.0052411650068186
-0.0029022643676526	0.0049601272647881
-0.0025107568021850	0.0042420306447224
-0.0018729984021669	0.0045519988696182
-0.0015232400646528	0.0038247244687469
-0.0010386163466081	0.0033777773295263
-0.0006664070896683	0.0033113142431280
-0.0006189134607810	0.0023192087217690
-0.0004896630491724	0.0023765529572106
-0.0003253713505964	0.0020249977435145
-0.0001907767709814	0.0018265057634996
0.0009054391033473	0.0006899240210495
0.0000258726127919	0.0013690244429353
0.0007158133176855	0.0013450088631096
0.0003887769432428	0.0005487854842127
0.0001879873455652	0.0003241299046085
0.0038081861635382	-0.0010881468616794
0.0002371801709947	0.0006293875030857
-0.0000682719704528	0.0006635728871965
0.0005412021198659	0.0002158723258654
0.0007575807279243	0.0004664861207191
0.0009913594414163	-0.0001222885645216
0.0009193808207297	0.0007231887696489
0.0007275275970002	0.0000080608336088
0.0040201899472209	-0.0052043978833270
0.0000496335571663	0.0002161473951097
0.0006359430096148	0.0002228886104720
0.0000914309397718	0.0000432934163492
0.0002339605145291	0.0000243262272008
0.0000837980260929	0.0000110799040383
0.0011144174623859	0.0000951806898471
0.0004317593827283	0.0007295713294040
0.0005284942335133	-0.0000840750855330
0.0011895862833202	0.0007146209901909
0.0006602469843174	0.0002612906644322
0.0000341496985920	-0.0000300073924203
0.0005860292597517	-0.0000533997640337
0.0006650030547264	0.0004849056903656
0.0004843426437097	-0.0000318654251598
0.0004356382771374	-0.0001456141633967
0.0002934747840169	0.0001899311189459
0.0007204625049542	-0.0009899614025757
0.0008218729089659	0.0001926197980302
-0.0042357617664306	-0.0043307640650121
0.0002029457181288	-0.0001887516579076
0.0002704137199101	-0.0003469746254461
0.0010996670764720	0.0001435978568240
0.0007365014815358	-0.0009489089996625
0.0015804523971809	-0.0008288744204778
0.0023829323353065	0.0001400508449688
0.0006918149255600	0.0012421610899104
0.0024130872304229	-0.0004232225330656
0.0033257608234264	0.0006947135251280
0.0021528978511699	0.0040905515942269
0.0044827317314706	-0.0017647537713936
0.0040899338907210	-0.0007519643905010
0.0127783297544495	0.0073201748765560
0.0062045877061121	-0.0071089256574754
0.0096449105359674	-0.0013909259958177
0.0095643191886800	0.0002815586325405
0.0091523381009612	0.0161060080675820
-0.0101006591520874	0.0078995308836647
0.0173728042522308	0.0044837643136237
0.0121083538887078	0.0157473075904342
0.0118327262763937	-0.0109845472727035
0.0229361133883669	-0.0252471243154491
0.0348727919728304	0.0094877626858115
0.0069125667071166	0.0451769432933660
0.0717105691261197	-0.0013182554160157
-0.0057117998631903	-0.0988717078546348
0.0810401561504927	-0.0076260650614834
-0.0105332844679620	0.0721160283954735
0.0494331420295260	0.0059887225118418
0.1625348831530417	0.0786833995125193
-0.0230621776541913	-0.2263953199406307
0.0884223095557130	-0.1737058118543070
0.1529577053463419	0.0563792129881725
0.4094812234543381	-0.1810904940993555
0.0978860341838840	0.2492020055557843
0.2627991329820708	-0.1273585989484561
0.0821058633963917	0.1730057589233645
0.3024799158262070	-0.0528543176855214
0.3865776997344527	0.1032628089043936
0.1735441046601336	0.3081608134686144
0.3123506896119348	0.2789204582022937
0.2761878648649308	-0.0092703193341114
