3.6072131157993290	2.1588399882093374
5.8711343073267415	2.8121757845669348
9.0589159569220730	-1.3623078970058455
5.0322285734210466	-8.2945777545213240
2.9890008037809346	-7.5622054385420343
0.6043161530337373	-14.6302997652367100
2.6678347910132882	-9.7408256015941603
0.0502455088573201	-10.7976826920959660
2.8821308202527147	-13.9387751708068850
6.8125886449961746	-9.1979825347552122
0.3515531563477639	-11.9373552174008370
6.2927451552782880	-4.4659696705753520
13.0865486243424610	3.6321676720800675
2.9645119365087185	7.2177622851095329
4.1522950163781340	5.1879191887682357
-6.5552279273484428	7.1661715692844830
4.4492925384693054	1.5976891634617343
7.2877867085207617	-4.0065902673029674
3.7910195104221800	-0.8536674999403717
2.5765851541813092	-2.6183724061794020
4.6561238089101389	1.0862878201084736
1.2657596239697453	2.9005085722862631
1.9212299196550089	0.7543816695670014
9.3289808209442224	5.6854210813374442
-0.3091577403774121	1.9673100726228874
1.1826120856951534	0.7686100097745988
2.7313581346343030	1.2875029227712000
2.0118935720791438	-1.0716801322037053
2.6987324823906564	11.0163283042868760
4.2214224194297936	1.9954809895961103
3.2325104778007052	3.1213568901119899
1.3972172647614669	2.1697035434397409
1.1623615273959695	-0.9628414350623284
1.0360032755747972	2.1203277554403717
1.7306191164889151	0.9686859014398682
0.5783404865830476	-1.0725112130768950
1.4484045961332468	-1.6341290487249149
1.6497621818867925	-0.5301584211812678
1.7454994846267509	-3.5500377090782047
3.4642040139481352	-1.1131150799570866
1.1079071793962314	0.1849025387348420
0.6727451499012922	-8.3735673895304572
5.1891145559272216	-6.5527738702313227
4.5016319192711318	-7.5907522229862714
3.0352846661886810	5.5878535891264729
15.3704499667179510	-4.9412279363589615
6.1064075267294875	18.4980636403541180
21.1287121498021940	12.9262841286156680
20.0861584603347370	-14.6389958896531100
2.9896205827366416	-16.9983753360773200
16.1311752585302630	2.7538220986159532
14.8906002827868940	-13.3156618233634520
21.2966462925759710	3.6690283736398683
17.5008906813763940	-0.8618560924929269
25.6498907089867070	1.6481275863887679
11.6023622802151680	12.5489132097768760
12.2191481057974050	-6.6659107134252853
14.1668607192756200	-4.4266188704941589
12.5393847599025410	16.8800911783997450
18.1720117681194820	7.1200544380033612
13.7742739808385380	4.8637296327632713
13.9362636275950680	17.1975866701228850
12.3960173814104380	-4.9269583044169973
6.5096541408314375	12.5062183213205490
8.1232693219343108	-17.0080059337435080
17.4335945812911350	0.4707415647832557
25.3050936110399860	1.2878787966897347
15.3515253020486820	11.4719180967151910
9.1593215845012814	-5.6328405745885890
13.7802784467533000	-8.1040677472658995
14.9524240776879920	-1.5729576329668431
27.5988168961118880	-15.2624825004545010
223410.3274288112900000	19513.3611573369640000
308062.4334294758200000	-48443.0195265101070000
315662.7288913334500000	-69090.9152091420260000
534566.6762122841300000	128861.0543158127700000
342483.0941707388800000	-42742.6321774251340000
381615.7472236524300000	-92055.2016008192000000
416965.6415405314200000	-396203.0779886200900000
342399.2289611804900000	-18090.7873649924700000
377320.1016104332500000	-132145.9791638051700000
470653.0777998045100000	131374.7784773709700000
142939.6675723918600000	-1068411.5947538607000000
649794.0201258389300000	312873.4375253114800000
8.0130587758359315	12.6776234841880800
32.9199973687079250	-22.7440547863503040
102327.9920117335000000	83760.1992259034740000
29753.2254679812290000	-22873.0850254795220000
566465.5712829008700000	277500.0260580898600000
579140.1607010229500000	-266923.8700400107200000
1431717.3056866506000000	235207.0471725483700000
1297557.8628421861000000	-721278.6605658719800000
1993421.1830410559000000	92920.8316493136810000
2678137.8887402983000000	-1643960.8210957216000000
2175989.6472158884000000	-1163629.9995534266000000
3032929.2052271124000000	-1443020.2465591319000000
3546715.5933505655000000	-1787428.6381105122000000
4145393.2477849922000000	597177.4995244970800000
4957336.2764343731000000	-10203100.9348210930000000
10892135.2485666700000000	-5459530.0300887749000000
