16.3041168514609890	-1.0541026689385757
8.6259352008055963	1.8011735689129835
11.3969066250084020	-5.6536894687909225
6.3880559381548068	-8.9021839367593927
6.2150173251337062	-6.2294346847361988
4.2555461314472298	-5.3310816511947907
3.1039085884710054	-4.5839921790531024
2.3760784849697845	-3.8054838738560641
1.7972174666969236	-3.2843935640576598
1.3578376397792660	-2.8224998175758498
1.2048907165480831	-2.4674560295483885
0.7381950164104109	-2.1230599423362033
0.8426895777243642	-1.8650608527416213
0.7302630637682650	-1.5920230840240577
0.6684619267333014	-1.3845059370678570
0.6184886894911099	-1.1712114769034330
0.5798901268727521	-1.0361207380805342
0.5419459176197699	-0.9020429297938516
0.5090062301092679	-0.7830863258533293
0.4822543901017214	-0.6807689778892434
0.4604852985479932	-0.5921337056126262
0.4416363425699274	-0.5137766581289673
0.4267160671957246	-0.4445249148617637
0.4136664948862860	-0.3843978113486387
0.4050042703389302	-0.3327232147716085
0.3985552050767711	-0.2902552213952409
0.3898322569750312	-0.2517498026840957
0.3835375688327907	-0.2193686884761763
0.3767703746908221	-0.1896552939634307
0.3702938300419713	-0.1657228092240284
0.3607481868538181	-0.1382455896677220
0.3351367540310826	-0.0984219093111227
0.3997477491830538	-0.1026368770989754
0.3730415820619888	-0.1305069298683069
0.3320470810351226	-0.0638092111549879
0.3844235854815471	-0.0779220362086963
0.3695973267002423	-0.0767482375626176
0.3530102964771346	-0.0626942321314522
0.3509174238629197	-0.0559045421893663
0.3485281936961899	-0.0506686812229567
0.3464911314979851	-0.0451874346166941
0.5449818729074770	-0.0748304152843910
0.3423793490495650	-0.0372030596336873
0.3405171724593477	-0.0337059577550494
0.3384917498103149	-0.0305156431077123
0.3371329236488997	-0.0273654198888166
0.3353270047967607	-0.0255310850804629
0.3331951268975275	-0.0240114509257373
0.3336190680162046	-0.0204938634336765
0.3331573529753198	-0.0197573119155676
0.3325513847900332	-0.0213750754594801
0.3319787862084506	-0.0194533635274297
0.3230072246178354	-0.0180126006506394
0.3275685386080564	-0.0120357988432667
0.3303593958210840	-0.0106593862964057
0.3250575078180776	-0.0208151064926566
0.3166977302684930	-0.0177685509672763
0.3270002252467301	-0.0127388592666956
0.3149804849251665	-0.0192106328380768
0.3143106367679486	-0.0170884512958152
0.3152538822552896	-0.0193679848946491
0.3220739966925779	-0.0110494151577420
0.3131191426792558	-0.0190069338373712
0.3185495121365504	-0.0178698421537712
0.2724975256794129	-0.0481176118470889
0.3090611255508037	-0.0108445376350455
0.3144329094311674	-0.0409543935635430
0.3146974539818759	-0.0278542996136806
0.3273256675582590	-0.0558459202569738
0.2843309829821581	0.0059815455651638
0.3126854536949372	-0.0322806875845080
0.2870901489302605	-0.0151278879961093
0.3434105082748709	0.0033762022030624
0.2164020456852797	-0.0259515126342409
0.2665141494506637	-0.0016576045266897
0.1588171630088127	0.0478708014463499
0.0456662310321798	0.1182412264469045
0.1965345902658486	-0.0679747795848440
0.2843160413075191	-0.0240863167863393
0.2747407129898853	0.0043370516966318
0.2883933484324985	-0.0421796881916608
0.3122054005581214	-0.0117337969419086
0.2853200071193136	0.0036447932677681
0.2903157785578619	-0.0206220122849685
0.2740295096051786	-0.0237421531076771
0.3258106150422194	-0.0605047445196840
0.2917460553785717	0.0116401397403113
0.3069303286635965	-0.0257854659942056
0.3161762906016173	0.0274498394341622
0.2884182447571294	-0.0254234149595863
0.2739313196094015	-0.0456943331781037
0.2554082116740410	-0.0117576116148596
0.1889594219267704	0.0807875812501975
0.1717571286912567	-0.1968357598968906
0.1946655889381257	-0.0226329060468026
0.3621663215402978	-0.2278207876546105
0.8179725488943679	-6.2700087340855299
2.8835933378642045	2.5508299050298318
49.7939439185912250	-68.5892709448922770
31.0473749615742100	-33.8383048915229950
