1.9605999789234609	1.8021385181076841
5.8979213100394636	1.7385209717574350
7.7247874997286239	-3.5947917929091595
3.0361239004224929	-5.6181365503551115
2.3893914966095657	-5.5726372219817266
2.0082832852363532	-6.9355905864844063
1.0046242143954083	-9.6188171292411671
-0.5835480148411371	-8.4710497929836777
-2.1417888985681262	-9.2474059238028143
1.0171185028152940	-13.1422043618639660
-4.4985392959194295	-9.3579035254002196
7.7559484825008420	-7.0956305628048080
-3.7551020557082513	-10.1947050275079240
5.4429771298482139	12.1270415321314320
-5.5526087514823237	-7.8236119638885127
9.8699153165321150	-2.1122326190401144
6.3986713229226932	0.5706178139009119
6.7051948385895637	5.7236071633269354
3.5572462063608703	4.5862282542249249
-1.1040986281992951	3.4580413460816892
-1.6597510565980651	3.5873749880454997
2.6970076416036037	0.7404799757615775
10.3029711873215110	-4.3856145522066177
13.2371257416204460	6.2926155547411282
15.0497731167567710	22.8979896208398190
18.2225387299250270	-1.0448117856717321
6.9732597140362431	5.2001906365237041
3.8830374687386269	1.4261909403206157
3.9636894405138756	1.2155191790937949
2.8108630061127187	-0.7374605691895466
6.9868173551306167	1.9750513885168610
3.9126503669493622	1.2041916789560476
4.5963052258078436	1.5973427171784584
3.3107557226948900	0.5161811873541344
3.1168041027861686	-1.4179666425427515
3.3328091606370518	2.0208796458733991
7.1241784298626225	4.6104313182473380
12.9565433142132440	-1.6153506987689212
14.1993708071572510	1.7360504576998925
-257.1183428600778000	-1300.2088770011408000
-318.7108520790857300	-1572.4706837277874000
-311.4919291148195300	-1778.2676534781799000
-363.9773437639029200	-2102.3353163261490000
-365.0429343123769300	-2147.3826514932898000
-419.9657297220813300	-2831.0518512691256000
-484.3472900403103800	-3171.2038432288437000
-658.4195948846244200	-3657.5565471614727000
1.8612595661028510	-13.4647698360271710
38.0583586686601340	-11.5523951167388680
11.0824402802807300	-3.1626831353780052
9.4969317629805019	-8.7727436707196969
12.4550586453835520	-2.1679563398696424
21.8063316340409830	23.5049605884513610
20.2792580004923660	9.3003909723395672
-0.7090430087064888	15.7558056454880950
10.4673037627644250	1.9185786145858759
21.4046900026815900	-8.9675425960058437
39.3354029769681900	-6.0081509931164776
15.1304172700327810	11.7582131589553280
13.9209524840115650	-1.9426594858341442
10988.7338201874150000	-33469.1844695463220000
24.8667347065489220	0.5140825515434899
5394.8134207689745000	-2775.2357513402671000
8929.6057836876989000	-5545.2302738975568000
-15103.8179678073960000	-52246.2984838752450000
23319.5960119392880000	-21841.7524627750830000
-15984.7297581938660000	-117375.6935230252600000
-39529.1731203986710000	-56470.8833250452740000
2548.1379727836161000	-92295.9564025093710000
94723.1579402602800000	-22986.4857272718840000
170.1500595101536200	-129.5053642040105900
-112060.0771660372600000	-171588.4479607420800000
-80143.1339607847330000	-202846.4809836490000000
-73106.8569812684290000	-157991.1199892526800000
-94078.0531855685550000	-157924.2893633728700000
-128918.4932602245200000	-251696.9986680716100000
-75407.8650648467590000	-144883.9987100695100000
-239815.8391787720000000	-626447.6803554848300000
-255761.4499580312700000	-734077.0170500482200000
-273476.8329871655400000	-845868.3389465935800000
-187049.5132449114500000	-675473.7159100699900000
-307926.2167691224000000	-1134075.5560281894000000
-334195.5961745577500000	-1311125.7134165261000000
-362162.7728895875600000	-1517234.9023686284000000
-1151518.6347772270000000	-2980482.9980171677000000
-491245.7089623518400000	-1279052.4279241001000000
579045.9894308249900000	-520048.6453361895400000
1173616.6435651230000000	-1702783.7704462158000000
-420863.4041514691200000	-2347882.0015193648000000
1326894.5389407584000000	-3571342.1537668165000000
-659729.7741730607800000	-3058010.3991166418000000
-1675041.8867732442000000	-2999947.9395925472000000
843037.3919318859700000	-4377537.8680879874000000
-1349374.9486327011000000	-5553370.1192348180000000
-819800.6076778459800000	-5739767.8393243654000000
-2081839.4024794642000000	-5842746.6649278803000000
-1143007.6760077071000000	-9030409.5452953037000000
-1952605.5260966427000000	-11404552.1866314320000000
-1375132.9924893207000000	-9851813.3105323706000000
-3102582.2787075057000000	-7491364.2877120264000000
