26.3678127999350020	1.1578285766585030
11.5549947144525620	-4.0616728608712949
9.7307395885972667	-6.4912182836366705
6.9103226347229141	-7.3424719687663140
4.8561726804288732	-6.0516234794161567
3.7059959183409656	-5.3193413954491087
2.8949277712471511	-4.5702213765960638
2.7119334601825846	-4.2587968012344994
2.5640816740283712	-2.5843808106983999
2.0078072242138201	1.7998893341216982
11.0418568641509220	-20.3521720622678930
37.2102301984695460	36.7187458313389710
13.6312518924436080	-13.3111912364715510
12.1493435740544980	-3.0450414189077133
13.4792015575955800	13.3288053614203220
41.7337384341095760	15.5736212144315940
12.0390111598542950	0.1953917643298939
15.0856731757202860	-8.1952391484454470
2.9214493367320018	-2.9544489434816859
1.4382347913354527	-1.9977742441801203
1.5870849547829446	0.6164348398445698
0.6845829648936365	-1.2358630026935733
1.4697537834029679	-0.3787165393708603
0.8452066938860360	-1.4209603377503455
1.5436006484574321	1.6911887423126934
1.6583487029518063	-0.6362974262718459
1.4371217924334447	-0.2289357702046893
1.4047505422932074	-0.1749318752184438
1.4564439812518299	-0.2317645828576500
1.4073540582566038	-0.1249396939015083
1.3436967501933423	-0.1190533327134341
1.2870209884369814	-0.0894420196352497
1.2696491445259801	-0.1395024176841024
1.2094471105596192	-0.1508334090748971
1.0967093509639541	-0.1732477285850545
1.0105286535134475	-0.1693045039602621
0.9883990239553515	-0.1577606245862993
0.9486598959367679	-0.1596517104346635
0.9070948675658674	-0.1609951682699239
0.8868817977781823	-0.1464291346667970
0.8716106891986148	-0.1267316934611242
0.8604693586789733	-0.1034735617066300
0.8346528667230316	-0.0868487315699404
0.8398313862419832	-0.0885408334670969
0.8664793574403236	-0.0720202320690617
0.8709903975858254	-0.0567570363560583
0.8669201977899680	-0.0642644384708534
0.8567604842280638	-0.0555196378627833
0.8321201029593887	-0.0485472920102759
0.8052090197738030	-0.0437691514512488
0.7957842259382217	-0.0407228644232522
0.7921204630862507	-0.0371717029808228
0.7630088954811380	-0.0338524285002608
0.7457325080014901	-0.0323038456527401
0.7384836467612053	-0.0289602303392775
0.7333749040686077	-0.0269312012438411
0.7322362829822753	-0.0267648951964930
0.7260958858035137	-0.0249312312888575
0.7209180649353408	-0.0243850977347181
0.7121467191932459	-0.0235745661153273
0.7063396487221963	-0.0229259701314294
0.7049838846425802	-0.0224469007874063
0.7032574615615919	-0.0223326708808047
0.6986955660735970	-0.0215639766944898
0.6937298147402861	-0.0199615671626323
0.6947988272890148	-0.0219517912130504
0.6945714502960950	-0.0150619264990418
0.6900478408463620	-0.0184672649096963
0.6882579997711484	-0.0204497480863407
0.6840368727321258	-0.0234219370635811
0.6827065219152071	-0.0241491675447616
0.6812880730014300	-0.0099866133563311
0.7174005698452287	-0.0758388347038015
0.8154540437438805	0.2257379726279649
0.7006293066599452	-0.0043196123655437
0.6739236083186763	-0.1050335822595993
0.6608556794303595	-0.0189044897931746
0.6477757066038826	-0.0554692151000778
0.7268095399239908	-0.0078766124952279
0.6709012563861140	-0.0464947708973437
0.6015421080324763	-0.0401665199069004
0.5961602228199182	-0.0087287074004923
0.6394113702014921	-0.0183702443768046
0.6391983871816813	-0.0242200633191394
0.6345692148070419	-0.0226034527975764
0.6420720968509915	-0.0209769104800940
0.6336243338494366	-0.0295740858711507
0.6462235031164476	-0.0271763965571489
0.6060143578416760	-0.0330985590340437
0.6360262356611282	-0.0313394164074112
0.6406393365232359	-0.0302449020588534
0.6229202756885037	-0.0359553283877499
0.6489695489071463	-0.0547364888384524
0.6375365023780050	-0.0542262388857754
0.6013131146929647	-0.0430975471671888
0.6049628323292219	-0.0299605119336720
0.5893480126989941	-0.0427810199475483
0.6615591182765704	-0.0767639471099870
0.6040647441871767	-0.0857630484368705
0.6677365731670717	-0.1955998558212144
