24.4164737909976460	5.0857975599576175
3.4076640405955376	-9.2141378818810882
10.1414376482601720	-5.7342004132891216
8.3403126799032385	-6.3644460621088781
5.5255601228388302	-7.0326050470065384
3.9618149909810696	-5.0462987378417417
3.2843049426485100	-3.6335585674778947
2.3549788680885211	-3.8847999774814443
1.6361844085950628	-3.3052176041009669
1.2163051259983857	-3.0628403411147214
1.1034382123820452	-2.4410759955370276
1.1152555596666054	-1.3260909134451495
7.2189986502012546	5.0648679502838361
13.8634493241465290	12.8418074101365110
2.7109700867306517	14.3987693514138610
-0.4945564902863224	13.2361598763355270
4.1287926286198866	2.4803699893204745
2.1476617982852044	0.0743920270860896
1.3497709871842216	-0.0000296709223016
1.7531669924389335	-1.2426236388808933
-0.5715483888641871	-1.7998394465312957
-0.2586306652348694	-2.5777921601343845
-0.4327856359692074	-0.9345909715415031
1.9838072533495574	-1.0200940869036481
0.6017672196791454	-0.3574837134383002
0.4221132950621747	-0.3032194334154009
0.4054093989343183	-0.2459586586956555
0.4081034520585547	-0.2317581339671017
0.3822682089006896	-0.1997054255502593
0.3743439691762431	-0.1604164753937904
0.3669351086381807	-0.1370226451655460
0.3537688322153270	-0.0995038016664017
0.3901727831590300	-0.1127503160493347
0.3732565963502382	-0.1012413099386253
0.3668738149087671	-0.0885670228984887
0.3620928271659922	-0.0782011432383331
0.3603146809783736	-0.0680525992476209
0.3572456439649671	-0.0626069944393985
0.3549777096339883	-0.0549710913953457
0.3523776345875294	-0.0497785877327629
0.3507027896817435	-0.0449749934135058
0.3493719510079238	-0.0410398732549381
0.3471401653094620	-0.0377513511567390
0.3454074467796644	-0.0298176520080501
0.3432265297336175	-0.0314680244037389
0.3413596961669382	-0.0289423733829431
0.3393275537161348	-0.0270051814672520
0.3379962067349577	-0.0245402542567045
0.3368664157140658	-0.0238734802230739
0.3347967332065988	-0.0219516061702905
0.3336913043640783	-0.0211064283962935
0.3323494801423276	-0.0204619884232723
0.3305782152759672	-0.0193021112846430
0.3293242363953396	-0.0183593771341482
0.3276105896946301	-0.0172456483172247
0.3266632396304707	-0.0162015976945462
0.3245746986748078	-0.0158934463238956
0.3202608941842250	-0.0119527272325227
0.3435204153021755	-0.0170870392402701
0.3377667623441268	-0.0096279694480701
0.3123041677717745	-0.0275679886637792
0.3173962923934280	-0.0015418925301805
0.3177074650103320	-0.0180515452694656
0.3278691763758218	-0.0008302658736543
0.3270413368794515	-0.0178295664258331
0.3328250383536696	-0.0108884823518253
0.3526806643093400	0.1827356905021463
0.3057944920141819	-0.0175875965010980
0.2828249686821978	-0.0058437463594913
0.3101366277700277	-0.0112255143908329
0.3131218738514692	0.0232631080139414
0.3173978491455425	-0.0492035245934612
0.3837430080505911	0.0952204785868974
0.3950312082461832	-0.0342094393019559
0.3145479275835244	-0.0170524978660446
0.2781361196948132	-0.0073528192054972
0.3085060475232118	-0.0261793113852005
0.2916645067095580	-0.0100249366379029
0.3000630712596017	0.0049975533677956
0.2949474331067398	-0.0078415938078532
0.2851162769402977	-0.0109895561875499
0.2846927272159147	0.0008592869669362
0.2935426820514399	-0.0094463390095597
0.2938982325968547	-0.0102642779545692
0.2951543840080121	-0.0080707640748460
0.2887623187648828	-0.0125622187283615
0.2953574755528015	-0.0115248029536613
0.2883867020786468	-0.0122429460135901
0.3029896027419847	-0.0096792333044617
0.2981743718683343	-0.0025159927414703
0.2887423700647719	-0.0088155647191330
0.2840720716782132	-0.0014411028801401
0.2848797699513320	-0.0078737391384316
0.2805961703031673	-0.0071978822552982
0.2814499471119214	-0.0015150301460355
0.2944056154582930	-0.0012722337983091
0.2828975028752712	-0.0036399318254422
0.2855991517675286	0.0089558217173905
0.3000783848168059	-0.0057770574284110
0.2717045596144794	0.0133692781490030
