18.4777806081914160	-1.6830549506173258
16.3115707596736930	-4.7710434846942622
11.0474237471270980	-5.6521395718940663
8.6520701627082861	-6.2994630051554505
6.2624672120260216	-4.6344735677879356
4.0355759545817396	-4.9395826083526435
2.4959571498425808	-4.3258359702230953
2.2244352679306387	-3.6240350373285835
1.6706927439400960	-3.2352689754913864
1.3897106924542291	-2.7079548587956244
1.1249150537210957	-2.4730218114954101
0.7945592500952009	-1.8915622411250081
0.8465816168502643	-1.8661945386797347
0.7029401706743608	-1.5984348069066501
0.6723336407567871	-1.2738328805415848
0.7594227488327155	-1.1184313914830204
20.6930130903308860	-18.6850473945094820
31.2311759574274640	24.5479079715590130
-6.1749988670713405	-27.9974064800579860
0.6803782801727452	-31.0663277552227160
3.3553459081758215	-36.3565407506493940
39.0107460045588750	-0.3744800610844407
154.3420517114491000	53.2340442860897910
-9.8107640344195559	-3.3625426198263280
0.3573359268853006	-1.8049298046924200
0.8182136112106462	0.0716129319063597
0.8113249880512852	-0.2373282916700487
0.8051088395696452	-0.2102927551129447
0.7939502349073848	-0.1845475848071218
0.7963629846249920	-0.1549713265221936
0.7919627126381045	-0.1301897516810196
0.7798139593525709	-0.0938720149008249
0.8191732392648539	-0.1085744085831576
0.7901000436437541	-0.0985040525788067
0.7747489146797301	-0.0808656451748092
0.7618399976410466	-0.0768218164514591
0.7499807958752019	-0.0679333708219719
0.7340034937115635	-0.0609630653745277
0.7256835797500154	-0.0541126707924985
0.7127051399437611	-0.0498317480311550
0.7014723657480726	-0.0439088530241961
0.6921134938070653	-0.0402329415692635
0.6884191300777347	-0.0365816366868678
0.6806344127542948	-0.0363146165212201
0.6730624964453704	-0.0309400562965095
0.6628353366381293	-0.0293729732985380
0.6568340543776202	-0.0268491061008639
0.6515157800577958	-0.0253734201009241
0.6435633211886426	-0.0242704290606031
0.6215820366656324	-0.0279959609168290
0.6166335955397915	-0.0243218946041599
0.6162849848425921	-0.0218005783835433
0.6086514318322425	-0.0219036506644251
0.6059839427558252	-0.0206564980011837
0.6043382161232449	-0.0184500829034537
0.5986742904339941	-0.0214862752037943
0.5952951983264070	-0.0204108366663952
0.5918297124993275	-0.0199129085417021
0.5879426175873033	-0.0183635295699365
0.5860132939886392	-0.0174036083299858
0.5817837059441389	-0.0169644173564280
0.5790062475877044	-0.0165669462256094
0.5783408354609216	-0.0165271333472869
0.5763335120601000	-0.0148862864142982
0.5745270637370115	-0.0151534579082290
0.5736032351689383	-0.0146858845198274
0.5708994672901010	-0.0131718396718522
0.5712646194941533	-0.0136333382484539
0.5703728677870159	-0.0129957014113951
0.5709456614310398	-0.0135189504958922
0.5666903417983460	-0.0114277203687173
0.5660673043974650	-0.0099635132669645
0.5808529610834023	-0.0264088626304521
1.4231641854352897	0.1494912937232663
0.5935682917014726	-0.0123167482808172
0.6367561753922603	0.0545018833138347
0.5833259702252220	-0.0188961820531651
0.5862885416660685	0.0020086834102141
0.5539402197426724	0.0227991030240559
0.5726751789646964	-0.0643430517532136
0.5880096897183580	0.0002786885657316
0.5898542450850289	-0.0131217432981459
0.5536191590776889	-0.0097260185070798
0.5538783239018253	-0.0088221333773783
0.5604640018692052	-0.0122794494341614
0.5541671589342260	-0.0109177792810491
0.5542216101184908	-0.0154140877419001
0.5642853398483470	-0.0168132951608608
0.5241386165141834	0.0169918977582825
0.5544029017206391	-0.0057303738471854
0.5522214882164583	-0.0026472524696652
0.5431331733036200	-0.0129517592469474
0.5546354424194677	0.0233446217256326
0.5537306926694051	-0.0150134558685929
0.5555037419451295	0.0001429053961317
0.5484633003262431	-0.0284024887883332
0.5436423311392036	-0.0152398600582674
0.5091457817904435	0.0030051884482730
0.5543050754228623	-0.0127038083948165
0.4707513471196215	-0.0296712162439925
