-0.0724146465487598	-0.0026685029169840
-0.0445566866991389	0.0104151069060664
-0.0286377401358130	0.0143044840901341
-0.0202521090150780	0.0145725288674140
-0.0160753521082563	0.0139387278995633
-0.0126690954851881	0.0129431179542134
-0.0100126423938189	0.0112784258919020
-0.0086524841040822	0.0097143981737035
-0.0075712684188194	0.0089358097309177
-0.0061199280231011	0.0086157144096652
-0.0057969394138038	0.0074040647486364
-0.0052440364737584	0.0072151392363853
-0.0042330205972580	0.0064147744664436
-0.0039236927261368	0.0068775131750574
-0.0031354487423776	0.0057191752190408
-0.0021220995660711	0.0051825630096036
-0.0015858149666155	0.0041178229684848
-0.0011677209665466	0.0042450050763739
-0.0014734670046647	0.0037975308014695
-0.0012478806419284	0.0034319958717667
-0.0008677757465117	0.0031561720451742
-0.0004251943282206	0.0023976020839313
-0.0004161193681568	0.0022819374859286
-0.0003035143207331	0.0021011726521446
-0.0003413274598960	0.0016695085462404
-0.0000650799246032	0.0013209241476527
0.0000067648334998	0.0012375341566871
0.0014188056616015	-0.0000345453494959
-0.0003729568303015	0.0008908339027404
-0.0002864565155446	0.0006809334484172
0.0071228735499676	-0.0007409548155781
0.0000575881068208	0.0006051006905486
0.0000276816461110	0.0004068495271391
0.0001669832298336	0.0003463761262436
0.0006479353630012	-0.0010930787312217
-0.0004380831290622	0.0010137306296832
0.0005278262456777	-0.0007272009097098
0.0010241598084843	-0.0002757990062312
0.0043449975773890	-0.0021237242982230
0.0001184419936204	0.0000580135841151
0.0009383999689362	0.0004581707620188
0.0000442514691455	-0.0000074199880278
0.0001009547265846	0.0001250359864961
0.0001086810591006	0.0000798066499485
0.0011991098030483	0.0000616636083016
0.0004921626228367	-0.0008236225308917
0.0007655283336274	0.0002584709963634
0.0007895220929616	0.0007040425103970
0.0001066161472705	0.0009358001357067
0.0000114393673333	-0.0000453150947497
0.0008437174280842	0.0005513974613294
0.0006155813636341	0.0004990690891931
0.0004505769372404	-0.0000392047468173
0.0002070862548032	-0.0006572343401310
0.0001431720665871	-0.0002150599028199
0.0004537346507499	-0.0006616080274609
0.0009912717090075	-0.0006012138717435
0.0057338708414826	0.0034417294258874
0.0001382239496887	-0.0002227679191451
0.0002326594828443	0.0000399175403517
0.0004962616760393	-0.0006021557650733
-0.0006234839886601	-0.0010614266134555
0.0003168396822913	-0.0004698136133502
0.0010535654074790	0.0016155686802298
0.0012789966106725	-0.0023734428167798
0.0023579400149035	0.0028390309699840
0.0008918486673328	-0.0056127210686652
0.0028790502357122	-0.0009358119723892
0.0045220201201212	0.0003377739896813
0.0068186905480471	-0.0035988885338471
0.0081283712638436	-0.0059443415542493
0.0097682111641055	0.0022515941221207
0.0072214759909179	0.0059838194717059
0.0108886075153577	0.0086836664194864
0.0127345044516046	0.0061747331316742
0.0142734316588526	0.0161754122922033
0.0023795788602411	0.0148152817046365
0.0154567461146990	0.0175759394009118
0.0055568067632626	0.0137084900423926
0.0288267835426506	0.0175946110198335
0.0487226137522023	0.0171874112728730
0.0445844256777662	-0.0027094958939368
0.0585698350857402	0.0289880859411949
0.0424247531456856	-0.0225743239983882
0.0789588326209866	-0.0681891139902094
0.0302642161242902	-0.0632147844725263
0.0251707252624515	-0.0483416798759007
0.3002296128506511	-0.0472646827179032
0.0569600543597375	0.1289459327629963
0.1525270573553052	-0.0720453804402039
-0.0142620917745582	0.1718585230430040
0.2344377875422731	0.0381981006673349
0.0232431404015238	-0.2499992781763747
0.0476575892107043	0.3847983589025878
0.2232722481532638	-0.3477741125702858
0.2800140003476109	0.1598500939399435
0.2103228766587062	0.0137660455661988
0.1783785317756123	-0.2276626686503448
0.1921229049215837	-0.1967656524193567
0.3336957807272809	-0.1373803218386197
