21.0907623592938830	6.6354229338997781
17.1151753647362950	-3.2731936087419053
12.4807299801366190	-4.7986528019513504
7.0750655365811692	-6.1550395937070483
7.0936636029258082	-4.2500117435760636
4.1436239805943016	-5.2267025104675380
2.4200536115979321	-4.0463822142628540
2.4156668319626586	-3.7784133903929837
1.6399495045808687	-3.2560969831741908
1.3661951503824272	-2.7743943811074101
1.0993435475490216	-2.3880429846452413
0.5291490403883167	-1.8582693650017725
0.7773494636280833	-1.8448539633912662
0.6805580653882023	-1.5800180243488859
0.6300777196185685	-1.3519259571269631
0.5788717428209521	-1.1784238641415148
0.5348527139742265	-1.0207992387942308
0.4979957575739342	-0.8836068507428569
0.4705530157832364	-0.7668660506450264
0.4427244648681736	-0.6674437141182856
0.4220760519831040	-0.5776679227964509
0.4042541150949205	-0.5004199933972768
0.3897852483178524	-0.4329066944320925
0.3781742240137357	-0.3715087940516385
0.3716416122051657	-0.3229195465482592
0.3654126566492146	-0.2802866978893975
0.3587357325449761	-0.2451779832953039
0.3504575306986422	-0.2134458458510575
0.3442699321236996	-0.1862257471917583
0.3370042663566868	-0.1620552738195907
0.3275687898200210	-0.1369377318057136
0.3213671603875410	-0.1064921439477342
0.3514928290211768	-0.1072029253140783
0.3353217887598358	-0.0973978631614866
0.3298863635678072	-0.0856451374740325
0.3245374982916581	-0.0735694650918996
0.3251702709558036	-0.0658263157100803
0.3204964102731998	-0.0588994446832816
0.3184126368807512	-0.0528203250286950
0.3163522482032073	-0.0474630758833529
0.3138600285131770	-0.0425425620887555
0.3110406645637334	-0.0384237220145321
0.3090876857842058	-0.0348382643841313
0.3071489968288400	-0.0320242948641889
0.3056196370591009	-0.0295141997148809
0.3026802323999882	-0.0270339653017052
0.3013885906211084	-0.0255363592656649
0.3000525794345628	-0.0238490120170516
0.2971848862744038	-0.0230994732028617
0.2970311523313572	-0.0249152201834143
0.2926438832018766	-0.0231587689978908
0.2900789937037304	-0.0218022814939026
0.2872826528226181	-0.0192025905770397
0.2841210485853284	-0.0170116215878463
0.2873653685031747	-0.0164151835147114
0.2849659506065831	-0.0179026800608159
0.2833849239107859	-0.0142137083741396
0.2800570847280289	-0.0144281537530982
0.2795522972265337	-0.0137370531100759
0.2796377808080815	-0.0152716670989020
0.2751742984885560	-0.0140955591068002
0.2763666791367093	-0.0156357622668876
0.2725602675091143	-0.0148573731387866
0.2757288120896053	-0.0078966487710887
0.2650831333025270	-0.0159604960417206
0.2660496129361406	-0.0189820136870188
0.2690998465205529	-0.0185989784065797
0.2726248316716896	-0.0150567397854125
0.2615766212707543	-0.0091533932948400
0.2657166161189871	-0.0118049481268233
0.2561557852803501	-0.0103620915935147
0.2638685467211652	-0.0063241499836324
0.2697882379237085	-0.0195946567679032
0.1888526652971359	0.0971978249554736
0.2523036029207672	0.0074506943588523
0.2354944732677168	-0.0053960635952580
0.2550727106277666	-0.0148080621874596
0.2467835722620993	-0.0090152104920845
0.2607055269342395	-0.0198338026552099
0.2501636857850082	-0.0113737991637393
0.2393769692051519	-0.0024919420232416
0.2463083766239132	-0.0110487165693323
0.2516150160591243	0.0007641211718617
0.2565738708346561	-0.0044180074561468
0.2541974945255075	-0.0108973762436106
0.2503167725636627	-0.0138745853699393
0.2444375176106141	-0.0147248717099416
0.2432836211982323	-0.0164192240421766
0.2508267380877887	-0.0119459169839676
0.2425096944966322	-0.0116597998322493
0.2532910516909075	-0.0615877765899085
0.0654182272058442	-0.0694425523221527
0.1834582612433276	0.0184141919829222
0.3049780076012952	-0.0399515423446111
0.2412414319468712	0.0295534457988437
0.2424841511753340	-0.0033065563443556
0.2507449288989160	0.0159392924071046
0.2297746189424654	0.0060506513936173
0.2584759913930478	0.0358770166629231
0.2396755998810341	0.0123212276296072
