25.7953477976580710	-0.8325853831669420
17.2317792983783420	-2.2519182376077458
13.1933152692640420	-5.0879609635660046
8.1848730178467566	-5.3373944421709636
5.6401081886193793	-5.8375950923338626
4.2032938439491900	-5.4475484222726731
3.3508603568081958	-4.1360764516789530
2.2143380906936239	-3.9040474287082385
1.7315929051412646	-3.2512846170730842
1.5420561049321544	-2.8768033129033697
1.1675739028514263	-2.4514876216595232
1.0255974851083265	-2.0200921093288695
0.8277952819997284	-1.8310666838536875
0.7657464384679302	-1.5987405670231407
0.7069130389090654	-1.3698762367137165
0.6570960857352779	-1.1821217787281972
0.6236515984324271	-1.0348169729647014
0.5953736322474255	-0.9000995303629831
0.5696448754823997	-0.7804495529855516
0.5486141552973123	-0.6806162782104243
0.5359772045340484	-0.5903697645456517
0.5242882472725388	-0.5123406086656004
0.5129173258918655	-0.4448955646597615
0.5060700315347613	-0.3834430314343041
0.5014859747108026	-0.3333768974805496
0.5005764700445577	-0.2899235547378564
0.4961650972877011	-0.2533855585566712
0.4929324159611180	-0.2212371546911429
0.4834456387316419	-0.1941222801452133
0.4822032945340615	-0.1685869692554418
0.4720141262500198	-0.1411318581594179
0.4696211820152230	-0.1061918679343046
0.4992479985139331	-0.1151172987595407
0.4842748314926537	-0.1037588777990535
0.4784341200941570	-0.0904474812651074
0.4740546402983090	-0.0807841322683414
0.4702778628370943	-0.0718115341881193
0.4672440763028430	-0.0638218971802345
0.4643599041019949	-0.0572708975299971
0.4613456913089926	-0.0513583765005477
0.4584799710800054	-0.0462391567453025
0.4554782882052570	-0.0418368821306997
0.4530326848829498	-0.0376605398290869
0.4501055515398355	-0.0345402358387129
0.4480151402807544	-0.0314227835242854
0.4432881965854612	-0.0286160870819777
0.4397007192738738	-0.0264290555564167
0.4351867249401257	-0.0240926358351815
0.4190531780874220	-0.0262499269043074
0.4110709367401928	-0.0240544009033656
0.4060753937993143	-0.0222431389630740
0.4013285657880956	-0.0203652289133760
0.3972131103575567	-0.0192174981687579
0.3923559755884240	-0.0184570385646970
0.3887945371689642	-0.0181192116438618
0.3847131028513821	-0.0178598585334551
0.3806213219832044	-0.0160273553579804
0.3776985999253260	-0.0159614371010259
0.3747910092452282	-0.0154035007984618
0.3716196769878085	-0.0146319032027328
0.3692716608398469	-0.0143202709609582
0.3666238717509153	-0.0141063264978943
0.3638309175703707	-0.0130351112937178
0.3616919148278673	-0.0127911847429837
0.3593561751510686	-0.0123247949145513
0.3568864450019207	-0.0125240999761821
0.3573997487400931	-0.0127695792049385
0.3536051782738246	-0.0121452547621490
0.3511212776272012	-0.0120792572954406
0.3469450675440577	-0.0107501589761427
0.3494344992604404	-0.0107386145046232
0.3473570477718735	-0.0125977330270444
0.3225755338041179	-0.0126719924699537
0.2422200409895472	0.1316173771726742
0.3343405070006552	0.0035617905998957
0.3173347696739493	0.0050160301831419
0.3334433052021912	-0.0231749321081663
0.3271029850253772	-0.0028600510543129
0.3258988810009500	-0.0304527596551532
0.3454956400442668	-0.0145281325196640
0.3291144085661960	0.0055770120578940
0.3191142349978052	0.0185608507857232
0.3267527238060394	-0.0050461918296343
0.3255633992312387	-0.0061907545426636
0.3484534916640661	-0.0170697606366825
0.3202303738606050	0.0214941851387779
0.3281906707275618	-0.0075133767507291
0.3249953587594321	-0.0092664993707853
0.3093192794303367	0.0057007284054710
0.3132144747765034	0.0235948767407375
0.3186772045013649	-0.0438907659154941
0.3423895628156730	0.0235974517273178
0.2656667600786603	0.0170756466595097
0.3138363402684012	-0.0254366246036166
0.2836976993135768	0.0050505539328067
0.2818587906632060	-0.0209573681221003
0.2220740970262065	0.0385355361379113
0.2059243937458117	0.0756721263101384
0.2733211612173410	-0.1419183188327644
0.2488595681887042	-0.0600651368118121
