-0.0724798195597432	-0.0025981838243812
-0.0446061300026624	0.0104754600658066
-0.0286229833707480	0.0142562220435172
-0.0204221443290804	0.0144369593803482
-0.0160615250162428	0.0139039353550877
-0.0125504738503684	0.0128709917102563
-0.0098919727626774	0.0110480389648460
-0.0085062536264775	0.0098016913284442
-0.0075402978018239	0.0087047753002116
-0.0062092324616616	0.0084505402353989
-0.0056904923413602	0.0073617915916348
0.0041234377235307	0.0072206716265035
-0.0041108985574831	0.0064031993708362
-0.0034313909505756	0.0066914210403556
-0.0028532420315287	0.0057116655427090
-0.0017371743565041	0.0062961228226133
-0.0028280464185360	0.0048773818309610
-0.0017362783150371	0.0039263260335031
-0.0015154458280137	0.0037229698511683
-0.0012704088497407	0.0035795875220736
-0.0009687289754289	0.0029476302892674
0.0004971036671957	0.0034497501956269
-0.0010325084382192	0.0024950201878212
0.0001991522811467	0.0022407313396374
-0.0003723537583319	0.0016969694102759
-0.0001774851368751	0.0017404603944534
-0.0000320317014391	0.0011564311471292
-0.0000510080735755	0.0016374592789909
0.0004753173764864	0.0010058826457293
0.0015984685366038	0.0003321097586612
0.0043460901416685	0.0023307316499038
0.0002694773604900	0.0002298036537226
0.0012640949026903	0.0003007400528088
0.0004630016080302	0.0000902381777295
0.0003177798488007	-0.0001562274568023
0.0014494223949345	0.0001019782757449
0.0006340192634685	-0.0004798204709055
-0.0003327719921087	0.0011028063413560
0.0053660836617519	0.0000892240842855
0.0003025156387127	0.0002397402398579
0.0009314108151297	0.0002487277287877
0.0001596325667623	-0.0002692926039825
0.0002771273286907	-0.0000284283234630
0.0003499500884697	-0.0000734050117319
0.0012027249915406	-0.0002902595216182
0.0006284913303951	0.0001284694375030
-0.0003296650650297	-0.0008302303863927
0.0002555152757778	0.0009004132860658
0.0000021151214702	-0.0010022705181993
0.0003154842067028	-0.0003256816791931
0.0004761297424948	-0.0014925348931117
0.0015726491671754	0.0008669847864088
0.0014065339303926	0.0004614979863086
0.0007819231635209	-0.0009434897844873
0.0012771119272627	-0.0001463057506932
0.0015526203572528	-0.0003076039903089
0.0003427761189278	0.0004820524936670
0.0059520369683640	-0.0014924003861746
0.0006806352639797	0.0000316312398649
0.0012661254154040	-0.0000920535106668
0.0013348919519359	-0.0019157354024569
0.0004854786574913	-0.0027250974482035
0.0023665759419883	-0.0023540649708725
0.0012524303734235	0.0006239225550252
0.0053277677523374	0.0018304439541393
0.0014934379023081	0.0016836115568093
0.0027617605363082	0.0007274683210813
0.0024742070865582	0.0034316022073571
-0.0004055839415902	-0.0045582301028694
0.0058860894546633	-0.0034031575481626
-0.0001146582708226	0.0044866844174294
0.0048442482211565	-0.0022555415677100
0.0076857299411512	0.0049100228282638
0.0074612486890747	-0.0073403045281229
0.0062361185719248	-0.0056226057358199
-0.0029601034818003	-0.0135097048121475
0.0110326939380274	-0.0083797566500429
0.0309144378653367	0.0071271220535139
0.0082745744523201	-0.0060465088154680
0.0051846565888825	-0.0148040214840002
0.0266415032033302	0.0059034181742360
0.0024122644807758	-0.0215114044274549
0.0329849763863208	-0.0173223219412898
0.0239927667898936	0.0234433530515982
0.0074184422359351	-0.0389197559008995
0.0621872687537872	0.0231274738475388
0.0171547280466890	-0.0251668296224464
0.0550202693976958	0.0445833753918737
0.1065867961382669	0.0312609086274964
0.0831467880687717	-0.0661641651157734
0.0694529297136334	0.1004426774715182
0.1393779547454726	0.1435821274793520
0.1780444515731353	0.1166660555404452
0.1832565406101487	0.0016403289359875
0.1230798670796429	-0.1871314378475619
0.1664753938029427	-0.1886850919564359
0.3084037359539680	0.0688820408864577
0.0975067135693702	-0.2209959294874940
0.1555392511327303	0.0196504559243665
0.0047330558283995	0.2178346545236476
