5.5872403874704286	1.0705735015463671
3.7974536692367740	-0.5683990817138925
2.0951286169000678	-1.1254032790593858
1.2222441804635411	-1.5699542007449854
0.6566386992298908	-1.0720311387950952
0.3926657272088320	-0.8963134581792313
0.2703438529125843	-0.6921928379614383
0.1922263188552175	-0.5164254572626190
0.1596978830646650	-0.3900991734362653
0.1430173328226758	-0.2809258838686358
0.1482970345423961	-0.2037246993340839
0.1507930123185301	-0.1548529125583943
0.1461602972289570	-0.1200437820471196
0.1473467887985991	-0.0996348472767069
0.1501668378160880	-0.0744278629255683
0.1564874850233951	-0.0568034968231944
0.1606026920398038	-0.0521322604568284
0.1620951282189514	-0.0378059538276276
0.1654391785188938	-0.0328921896889870
0.1647039923843672	-0.0296762830797210
0.1678750441229199	-0.0246406946015012
0.1653157766031858	-0.0213937557438134
0.1666974554985898	-0.0205500732317345
0.1656315980823362	-0.0170009084548108
0.1651341596789245	-0.0158038908206956
0.1645214777759264	-0.0138576957121596
0.1642305003696845	-0.0124751240154904
0.1638168584749261	-0.0111384125973096
0.1635319419508777	-0.0099398882067229
0.1632026060903915	-0.0088203989805621
0.1627040466288355	-0.0077797917529731
0.1623412984113757	-0.0068047665372756
0.1620052160287570	-0.0058722698686192
0.1617272566757140	-0.0050457395102547
0.1615499056636877	-0.0043376488308181
0.1614391412467189	-0.0036098866610920
0.1613397251381292	-0.0030738048450451
0.1612434241267564	-0.0025749135303970
0.1612670118210263	-0.0021507037281850
0.1612320545135840	-0.0017443538104166
0.1612299932252143	-0.0014400397903798
0.1612495246913040	-0.0012185510233956
0.1612936276751683	-0.0009879430823702
0.1612963710409146	-0.0008106565789202
0.1613115089832777	-0.0006825237139009
0.1613231926249729	-0.0005575808284440
0.1613700703571645	-0.0004456834825770
0.1613756206946989	-0.0004099572494492
0.1613592242711142	-0.0003034578397733
0.1613486633040232	-0.0002515766531826
0.1613550917939456	-0.0002174107890284
0.1613519940685308	-0.0001812443508868
0.1613409201620507	-0.0001534128349216
0.1613415042241773	-0.0001134020894803
0.1613202855432717	-0.0000986601757410
0.1613638773321991	-0.0000962842556651
0.1613548204956328	-0.0000716330416071
0.1613389928790552	-0.0000971464303005
0.1613222943001503	-0.0000693906758507
0.1612950957131191	-0.0000688059919309
0.1612871141938065	-0.0000670683148777
0.1612572259039709	-0.0000573677926843
0.1612412132610955	-0.0000868637458182
0.1612208576812266	-0.0000602180084050
0.1611719732706452	-0.0000731518538054
0.1611906373602785	-0.0000574867734404
0.1611591514825121	-0.0000500598374165
0.1611572288112681	-0.0000278181714433
0.1611628076092698	-0.0000131257082761
0.1611305255039734	-0.0000160801900331
0.1610998951526604	-0.0000242232542875
0.1610962858961748	-0.0000139326281895
0.1610965220337572	-0.0000143949891901
0.1611028202435528	-0.0000033570251261
0.1610854936757698	-0.0000089187802661
0.1610582496124859	-0.0000024678730109
0.1610669595261439	-0.0000133751920195
0.1610562525245046	-0.0000087587672854
0.1610586203033891	0.0000273566766382
0.1610234940965981	0.0000154562137028
0.1610059186286151	0.0000067522388484
0.1610148909001451	0.0000090444350725
0.1609900093971146	-0.0000033316447776
0.1609828094724201	0.0000206721729384
0.1609713096240818	-0.0000059928105470
0.1609820436895831	0.0000111919321040
0.1609570595072899	0.0000124757623925
0.1609338915039666	0.0000159176429554
0.1609277032209031	0.0000110730490496
0.1609337432930721	0.0000204991287833
0.1609254992577896	0.0000122431106241
0.1609021373423817	0.0000072811193887
0.1608986489141785	0.0000040164212614
0.1608754127320984	0.0000083198891587
0.1608571377477479	0.0000074785105364
0.1608156907952851	0.0000094089915825
0.1607772244289154	0.0000048911984863
0.1607543598838735	0.0000031389667936
0.1607176119290593	0.0000009560357861
0.1606630183065194	-0.0000001058176926
