18.2671580164835420	-1.1163456379069909
17.4693521113636510	-12.3248631431269060
12.3936093875109830	-4.4049374365951408
9.8233698621875227	-5.7335957076947341
6.3031729031631558	-5.7467491726987321
4.3086349418947956	-4.9554491957832614
2.7913116197093069	-4.4060480219705047
2.5614736766224935	-3.5706208170324052
1.8949111506707608	-3.2020397326538541
1.5418467005315291	-2.7262275917145224
1.2217136642971325	-2.4083037226226249
1.3010751625128525	-1.9268623267600002
0.9356011925229306	-1.8440941020892274
0.8346686187713462	-1.5977782400004001
0.7897251058394090	-1.3852095981796992
0.7455150914880668	-1.1713656724069290
0.6939401094276956	-1.0300852535570617
0.6593437787693004	-0.8962920455519048
0.6301184321540923	-0.7781156796748878
0.6062935617974966	-0.6780520920206428
0.5871221424623319	-0.5896028431505836
0.5676923999264484	-0.5115042098649767
0.5521589521491898	-0.4437755379418364
0.5394334626676977	-0.3821324540407721
0.5290549091391846	-0.3323004039005820
0.5204474300575815	-0.2900690653871370
0.5115453954806326	-0.2526952807512891
0.5042445980983693	-0.2201596261560781
0.4955467708562827	-0.1956565307898228
0.4887659553404847	-0.1665398328492656
0.4775423008955976	-0.1406376523411942
0.4722375438414062	-0.1051561022158486
0.4998071956174642	-0.1142584382808294
0.4839365686533085	-0.1028699575473028
0.4775416144943664	-0.0915346267142903
0.4722753807541569	-0.0795642541536582
0.4688538147558455	-0.0710405536656299
0.4653735674027621	-0.0630608453255156
0.4619503565862558	-0.0562786826250503
0.4586444616774358	-0.0504990158291922
0.4560072736321714	-0.0454754276694595
0.4536127015051263	-0.0423708126791995
0.4477712844858508	-0.0373916947076916
0.4461513551891988	-0.0369165029598700
0.4494003622177336	-0.0296275843022625
0.4404101461543853	-0.0263237091252466
0.4379469257472852	-0.0247901836842397
0.4389247615024297	-0.0236552080602163
0.4359885115398615	-0.0224161235370535
0.4341054306793027	-0.0210598024366436
0.4320107954890226	-0.0192859343197216
0.4298399228177356	-0.0182209113262317
0.4278774003875357	-0.0172642989082869
0.4258991354849016	-0.0167321730960779
0.4240546765728980	-0.0159423725328499
0.4272336296302823	-0.0176389147801195
0.4191707152368926	-0.0136650581778627
0.4153405313933561	-0.0174177027868995
0.4205451273525305	-0.0142859085637396
0.4159446137720256	-0.0172758762435621
0.4173421458521480	-0.0104769370219412
0.4136524374057989	-0.0172696089836441
0.4135618614972706	-0.0114153151637470
0.4079840029624860	-0.0089554873117003
0.4062580446063840	-0.0157267566018575
0.4081345757383532	-0.0141335423180038
0.4000333089278628	-0.0096281720579079
0.4010653074088126	-0.0138045567432104
0.4030823222449287	-0.0105328857701401
0.3988714828642663	-0.0145612918522637
0.3979638204331273	-0.0155959808864306
0.4079450534564998	-0.0115308010629476
0.4094554857457527	-0.0225371809406024
0.2749192720884101	0.0918545947271337
0.3720368845732966	-0.0320203402968052
0.4109252787918791	-0.0336189989048119
0.3897790246745652	0.0055565048457313
0.4099963001433366	-0.0204809673723394
0.4031134031651072	0.0246490612130754
0.3711993840427111	-0.0152151741225949
0.3762879245639501	-0.0322079908785027
0.3764322191528776	-0.0140004195078540
0.3901125505047783	0.0035185134725109
0.3806886267214164	-0.0067224529849574
0.3782081901526139	-0.0023424275811487
0.3670620688714099	0.0020170876710930
0.3809996401751029	0.0038826845631096
0.4622903795854516	-0.0110813359135111
0.3875627980399699	-0.0172711293276565
0.3704378218981870	-0.0218762680244710
0.3769866467657670	-0.0108103733775034
0.3469274227504419	0.0036066555778809
0.3696086491896536	-0.0200334634545423
0.4252742945201241	-0.0269244796350029
0.4563582543001563	-0.0945925302367680
0.3755212632848056	0.0065163872389102
0.3484072932076830	0.0226653642162356
0.3809033480643617	-0.0007799064085841
0.3812112194472674	0.0159766659842749
0.3964757899374167	-0.0024397445675576
