5.0189354884335629	6.4160599109442424
4.2457586807400576	3.4984763834414960
3.0390185927755491	1.6569347440490563
2.1416421407267743	0.7521604502779901
1.4238792115015020	0.3007574526687704
1.1079042166323632	0.2022542016209611
0.9175168324116168	0.1713362763567339
0.8003442083657488	0.1739965183064088
0.7365941889001705	0.1733611603600800
0.6979495121793150	0.1673476528295020
0.6712012387828731	0.1551758589344967
0.6542175572290366	0.1361611356949500
0.6430606526998954	0.1156033803532049
0.6307242998245354	0.0984760835286441
0.6208059455007174	0.0842800780489569
0.6116915902072921	0.0724739422651476
0.6048844401292651	0.0612301753583959
0.5987906138426283	0.0518828482933005
0.5937409657735774	0.0435945679391764
0.5901743859673939	0.0372866279579874
0.5879309209076948	0.0323056053706492
0.5867006065474398	0.0280650499908344
0.5858120976495025	0.0248028813039709
0.5861004241833424	0.0222472141886949
0.5861808563744164	0.0194579417105883
0.5864406222534001	0.0183854620415352
0.5872262471941033	0.0164016752500022
0.5878687263708515	0.0145146289353592
0.5883676228009084	0.0128742491647407
0.5886102625312502	0.0112354090263918
0.5891336300835451	0.0098728772523483
0.5892768943411100	0.0086858573551754
0.5897029599337794	0.0076871073043844
0.5899480202355268	0.0065678912625688
0.5901688136446602	0.0058873505104064
0.5902918613884599	0.0051885942511549
0.5906347925395579	0.0045485495544938
0.5908282820383294	0.0038639739738461
0.5908675409311296	0.0035260852681893
0.5909656717187002	0.0029544310223724
0.5910616369696653	0.0026706704841870
0.5911503074167466	0.0022420481954167
0.5911915147906033	0.0019516644806142
0.5912997644028406	0.0016181999138287
0.5912837967321464	0.0013993502192749
0.5912495392374954	0.0012043208082895
0.5912963673494849	0.0009455386878993
0.5912742057490695	0.0009504185245157
0.5912387197144861	0.0008176038533102
0.5911742844092358	0.0007355352859822
0.5912694681311936	0.0005831845202849
0.5912183399473235	0.0004854646232280
0.5912725587276870	0.0003867381913096
0.5912600235917772	0.0003546722160243
0.5912204471160051	0.0003197719563623
0.5913242985196451	0.0002704330212555
0.5911794633602611	0.0002321839135165
0.5911351044285623	0.0001400073964263
0.5911642721505156	0.0001097112227066
0.5911329748483708	0.0001431515423126
0.5911640899601525	0.0000290239990914
0.5911331966750192	0.0000630130256046
0.5912222469289920	0.0000282832978135
0.5911690118524535	0.0000528546302485
0.5912011792956337	0.0000177319324480
0.5912021522051233	0.0000936847907131
0.5910902332959332	0.0000975671871736
0.5911116707251949	0.0000831428125941
0.5911283156612531	-0.0000489109441337
0.5911591084425307	-0.0000285551131328
0.5910777286520561	0.0000487244464642
0.5911893412484763	0.0000420913569039
0.5911595023088166	0.0000140485331445
0.5911465147447416	0.0000587932571312
0.5911428025199070	0.0000193214729501
0.5911281676971965	0.0000229901744435
0.5911669794552151	0.0001073297950679
0.5911762615775814	0.0000491272203912
0.5911825742406967	0.0000046883131045
0.5911852967733940	0.0000209239631019
0.5911139643686177	-0.0000116463105728
0.5911852433046007	0.0000397548192838
0.5912422520000421	0.0000566953785529
0.5912068691475966	-0.0000097575915089
0.5912573165889273	0.0000373843783301
0.5911839450094035	-0.0000693196876185
0.5912034157534876	0.0000478679375077
0.5912460975725602	0.0000383395838368
0.5911310234038829	0.0000294134738416
0.5912070246166858	-0.0000255691894805
0.5911458043723029	-0.0000245359145152
0.5912244133807320	-0.0000131514619044
0.5912568873159121	0.0000069355556273
0.5912816377410657	-0.0000051313998512
0.5913138806608291	-0.0000073309734906
0.5913535772931825	0.0000038543054228
0.5914126947594838	0.0000105470824898
0.5914477119127503	-0.0000081787045662
0.5914826314182878	0.0000091099208526
0.5914576720209109	-0.0000052034346311
