Process,Time,Ewe,I,freq,|Ewe|,|I|,Phase Zwe,Ewe,I,|Ece|,|Ice|,Phase Zce,Ece,t,|Z|,
1,,,,1000031,0.03612691,0.0002166767,-1.652739,0.001188823,1.381074E-06,0.0004394257,0.0002879364,-0.4129609,5.739827E-05,1.538,166.731863647545
1,,,,869749.9,0.04202508,0.0002200064,-1.637511,0.001489884,1.441275E-06,0.0004419108,0.0002786274,-0.432172,5.244423E-05,1.908,191.017534035374
1,,,,756468.7,0.04878865,0.000222851,-1.625386,0.001721527,1.922701E-06,0.0004577136,0.0002693001,-0.4348583,9.064911E-05,2.277,218.929464081382
1,,,,657937.4,0.05651985,0.0002251023,-1.614451,0.001963268,1.070561E-06,0.0004686724,0.0002650741,-0.4096813,6.646668E-05,2.646,251.085173274551
1,,,,572234.3,0.06535898,0.0002272173,-1.602348,0.002040601,1.142505E-06,0.0004823227,0.0002633568,-0.3583272,6.109281E-05,3.015,287.649664000056
1,,,,497703.1,0.07549858,0.0002286918,-1.593941,0.002162322,1.829324E-06,0.0005054181,0.000258574,-0.3346795,8.267227E-05,3.385,330.132431508257
1,,,,432875,0.08709002,0.0002304852,-1.586097,0.002225375,1.77285E-06,0.000507693,0.0002585764,-0.2832673,7.637476E-05,3.754,377.855150786254
1,,,,376500,0.1003406,0.0002314163,-1.578393,0.002333114,1.822055E-06,0.0005204881,0.000256552,-0.241825,7.083295E-05,4.124,433.593484987877
1,,,,327453.1,0.1155181,0.0002325538,-1.572198,0.002308401,1.568389E-06,0.0005326211,0.0002561397,-0.1806649,8.191657E-05,4.493,496.737099114269
1,,,,284796.8,0.07454249,0.0001501874,-1.862806,0.002367198,2.173187E-07,0.0008902309,0.0003378661,0.3852354,9.283225E-05,4.941,496.32985190502
1,,,,247703.1,0.09463742,0.0001617193,-1.829892,0.002393872,2.835874E-07,0.0008961664,0.000359253,0.4563122,8.48554E-05,5.31,585.195582716472
1,,,,215437.5,0.1194336,0.0001741456,-1.798506,0.002432006,1.86543E-07,0.0009082317,0.0003720089,0.4958043,8.729044E-05,5.68,685.826113321267
1,,,,187375,0.1495742,0.0001868682,-1.768792,0.002440183,2.371791E-07,0.0009016963,0.0003912159,0.5615244,8.922168E-05,6.049,800.426182732
1,,,,162968.7,0.1855899,0.0001994413,-1.740695,0.002450767,2.387688E-07,0.0008987201,0.0004065162,0.6304175,9.308415E-05,6.418,930.548988599653
1,,,,141750,0.2278395,0.0002112371,-1.714461,0.002452205,2.136011E-07,0.0008927839,0.0004160588,0.6923578,7.578699E-05,6.788,1078.59604207784
1,,,,123281.2,0.2764503,0.0002217407,-1.691419,0.002467252,2.426401E-07,0.0008744696,0.0004236682,0.7569187,9.140481E-05,7.157,1246.72782218149
1,,,,107234.4,0.33103,0.0002302554,-1.670421,0.002495066,2.036538E-07,0.0008485526,0.0004269336,0.8140993,9.048117E-05,7.527,1437.66443696869
1,,,,93265.62,0.3909422,0.0002361413,-1.651361,0.002507536,1.738485E-07,0.0008073631,0.0004299212,0.9006542,9.484746E-05,7.897,1655.5435241527
1,,,,81109.37,0.4549609,0.0002389344,-1.634366,0.002505558,2.708567E-07,0.0007707012,0.0004222213,1.001262,9.316811E-05,8.266,1904.12473046995
1,,,,70546.87,0.5213302,0.0002383894,-1.619251,0.002519281,2.208007E-07,0.000715681,0.0004114885,1.112036,0.0001008091,8.636,2186.88498733585
1,,,,61359.38,0.5880691,0.0002342626,-1.605973,0.002499031,2.499887E-07,0.0006636146,0.0003920816,1.26679,0.0001114729,9.006,2510.2986989814
1,,,,53359.37,0.6529868,0.0002267807,-1.594051,0.002509131,2.805047E-07,0.0005866794,0.000376956,1.374058,8.687061E-05,9.376,2879.37553768905
1,,,,46421.88,0.7106263,0.000215266,-1.584371,0.00251658,1.79439E-07,0.0005226983,0.0003463718,1.55142,0.0001108851,9.746,3301.15438573672
1,,,,40375,0.7665806,0.0002024995,-1.573074,0.002542526,1.250447E-07,0.0004392882,0.0003162853,1.770711,8.15807E-05,10.116,3785.59255701866
1,,,,35109.38,0.8166913,0.0001884046,-1.564775,0.002512232,2.228752E-07,0.0003864903,0.0002766007,1.967493,0.000106015,10.486,4334.77367325426
1,,,,30531.25,0.8584795,0.0001729151,-1.556661,0.002509861,2.827847E-07,0.0003224472,0.0002338052,2.261722,9.988546E-05,10.856,4964.74570468397
1,,,,26562.5,0.8928647,0.0001571547,-1.549964,0.002502003,2.931993E-07,0.0002732323,0.000194134,2.520746,0.0001149155,11.226,5681.43809889236
1,,,,23093.75,0.9207581,0.0001415531,-1.543601,0.002516862,2.436286E-07,0.0002340184,0.0001610376,2.755316,9.535125E-05,11.595,6504.68340149386
1,,,,20093.75,0.9427106,0.0001266928,-1.537794,0.002521659,2.114658E-07,0.0002186356,0.0001279253,3.082374,0.0001087859,11.964,7440.91692661303
1,,,,17468.75,0.9598758,0.0001126512,-1.532559,0.002531646,1.836782E-07,0.0002004136,0.0001090255,-2.981702,9.845803E-05,12.333,8520.77740849631
1,,,,15195.91,0.9729602,9.98359E-05,-1.527982,0.002516564,2.08173E-07,0.0001840976,9.26893E-05,-2.744138,9.879389E-05,12.722,9745.59452060832
1,,,,13219.16,0.9828558,8.816106E-05,-1.52292,0.002515238,2.501322E-07,0.0001708743,8.211742E-05,-2.619725,0.0001121446,13.155,11148.4117818003
1,,,,11516.7,0.9901937,7.776867E-05,-1.518688,0.002544581,1.770954E-07,0.0001628304,7.30171E-05,-2.496632,0.0001144957,13.643,12732.5528390803
1,,,,10019.53,0.9956942,6.838088E-05,-1.514089,0.002514754,2.094246E-07,0.0001432174,6.427479E-05,-2.342207,0.0001157552,14.197,14561.0030172177
1,,,,8712.634,0.9997507,6.002609E-05,-1.509093,0.002508986,2.142477E-07,0.0001127853,5.638118E-05,-2.227537,0.000126251,14.827,16655.2694003557
1,,,,7560.961,1.00487,5.296035E-05,-1.564086,0.002411925,7.791345E-08,0.0001179568,2.931431E-05,-1.728149,0.0001153354,15.838,18974.0060252623
1,,,,6594.21,0.9964744,4.599947E-05,-1.552232,0.002419129,8.812581E-08,9.6782E-05,2.646501E-05,-1.680959,0.0001257472,16.655,21662.7365489211
1,,,,5719.863,0.9897636,3.981647E-05,-1.540821,0.002431037,8.060079E-08,7.623312E-05,2.392075E-05,-1.710751,0.0001261671,17.59,24858.1453855653
1,,,,4977.963,0.9847174,3.464853E-05,-1.529882,0.00241002,7.910641E-08,6.182383E-05,2.108171E-05,-1.489652,0.000126419,18.629,28420.178287506
1,,,,4330.843,0.9808344,3.01745E-05,-1.519621,0.002437738,7.464219E-08,5.881974E-05,2.076002E-05,-1.477487,0.0001166788,19.667,32505.4068832955
1,,,,3766.388,0.9778306,2.62939E-05,-1.509396,0.002437402,7.997694E-08,5.323385E-05,1.927539E-05,-1.546739,0.0001220527,20.706,37188.4961911318
1,,,,3276.855,0.9755076,2.294173E-05,-1.498592,0.002442535,6.839277E-08,6.08313E-05,1.850233E-05,-1.533128,0.0001286021,21.745,42521.1001960183
1,,,,2847.269,0.9737088,2.001079E-05,-1.488446,0.002448433,6.430754E-08,5.72374E-05,1.682006E-05,-1.487728,0.0001255793,22.784,48659.1883678755
1,,,,2478.965,0.9723352,1.749985E-05,-1.477261,0.002431074,6.789266E-08,4.959138E-05,1.492708E-05,-1.339312,0.0001542959,23.823,55562.4876784658
1,,,,2152.935,0.971251,1.526985E-05,-1.465418,0.00243477,7.418625E-08,4.23027E-05,1.354681E-05,-1.580525,0.0001575706,24.861,63605.7983542733
1,,,,1873.203,0.9704285,1.335808E-05,-1.453284,0.002450468,6.936041E-08,4.120505E-05,1.216429E-05,-1.409501,0.0001379224,25.9,72647.3041035838
1,,,,1628.436,0.9697893,1.167565E-05,-1.439092,0.00244065,6.201073E-08,4.835046E-05,1.113164E-05,-1.322114,0.0001606774,26.939,83060.8402958293
1,,,,1417.264,0.9692901,1.022817E-05,-1.424262,0.002433949,6.763104E-08,4.780511E-05,9.769693E-06,-1.402451,0.0001322966,27.978,94766.7177999584
1,,,,1233.816,0.9689111,8.971052E-06,-1.408025,0.002423907,7.307415E-08,4.191241E-05,8.689325E-06,-1.445367,0.0001380903,29.016,108004.17832825
1,,,,1071.714,0.9686158,7.848289E-06,-1.389004,0.002432996,6.668893E-08,4.403721E-05,7.692926E-06,-1.588191,0.00013893,30.055,123417.448057787
1,,,,931.7174,0.9683814,6.88928E-06,-1.368136,0.002437253,6.37938E-08,4.680629E-05,6.783805E-06,-1.259833,0.0001421208,31.098,140563.513168285
1,,,,811.3011,0.9682036,6.046491E-06,-1.345952,0.002435573,6.881157E-08,5.109973E-05,6.01731E-06,-1.340431,0.0001335561,32.136,160126.526277803
1,,,,706.1287,1.001444,5.64177E-06,-1.378931,0.002527354,4.792405E-08,4.40248E-05,4.599135E-06,-1.072136,0.0001333882,33.594,177505.286461518
1,,,,612.843,1.00027,4.950131E-06,-1.341535,0.00257204,5.564747E-08,5.306043E-05,4.267441E-06,-1.363268,0.0001387621,34.637,202069.399779521
1,,,,533.1233,0.9993852,4.364323E-06,-1.302544,0.002583164,5.754189E-08,5.249392E-05,4.008376E-06,-1.302121,0.0001249076,35.68,228989.742509892
1,,,,464.5541,0.9987057,3.865148E-06,-1.260944,0.002587551,4.989524E-08,4.707422E-05,3.598349E-06,-1.165809,0.0001506014,36.718,258387.4407914
1,,,,403.5793,0.9981677,3.425746E-06,-1.215294,0.002605712,4.727713E-08,5.34389E-05,3.235736E-06,-1.098242,0.0001323806,37.762,291372.360939778
1,,,,351.4618,0.9977648,3.056007E-06,-1.167123,0.00258895,5.423816E-08,4.894565E-05,2.95775E-06,-1.219632,0.0001298616,38.795,326492.969420554
1,,,,305.4887,0.997454,2.733518E-06,-1.115061,0.002599963,5.535186E-08,5.214718E-05,2.62966E-06,-0.9854456,0.0001283502,39.834,364897.542287997
1,,,,265.4247,0.9972242,2.458988E-06,-1.059126,0.002614261,4.604658E-08,5.208668E-05,2.3662E-06,-0.9379359,0.0001205413,40.872,405542.523997677
1,,,,230.9605,0.9970437,2.22897E-06,-1.001049,0.002602855,4.278842E-08,4.907992E-05,2.188037E-06,-0.960816,0.0001505174,41.905,447311.403921991
1,,,,200.8356,0.9969015,2.033642E-06,-0.9396664,0.002611199,5.17534E-08,4.604804E-05,2.024829E-06,-1.128445,0.0001503495,42.939,490205.011501533
1,,,,174.8323,0.9967979,1.871443E-06,-0.8773412,0.002604312,5.221641E-08,5.123928E-05,1.840475E-06,-0.9079063,0.0001399376,43.978,532635.992653797
1,,,,151.7974,0.9967125,1.73432E-06,-0.8123505,0.002614298,4.42297E-08,5.787297E-05,1.698006E-06,-0.8056883,0.0001236481,45.007,574699.305779787
1,,,,132.2426,0.9966537,1.623355E-06,-0.7497204,0.002579094,4.523092E-08,5.142545E-05,1.590452E-06,-0.9861475,0.0001397697,46.03,613946.856972135
1,,,,114.8894,0.9966091,1.530498E-06,-0.6867679,0.002564349,5.152092E-08,4.599593E-05,1.509188E-06,-0.597223,0.0001546318,47.068,651166.548404506
1,,,,99.90408,0.996573,1.454841E-06,-0.6260233,0.002572393,5.195111E-08,4.398601E-05,1.438355E-06,-0.6726473,0.0001543799,48.108,685004.75309673
1,,,,86.91921,0.9965447,1.393401E-06,-0.568895,0.0025902,4.625042E-08,5.398241E-05,1.373592E-06,-0.5414189,0.0001582424,49.128,715188.736049421
1,,,,75.70236,0.99652,1.345608E-06,-0.5152597,0.002578086,4.279266E-08,5.468123E-05,1.336625E-06,-0.2549363,0.0001411971,50.157,740572.291484593
1,,,,65.77879,0.9965048,1.303972E-06,-0.464376,0.002580792,4.945987E-08,5.365622E-05,1.294912E-06,-0.5063024,0.0001450596,51.187,764207.206903216
1,,,,57.29168,0.9964988,1.263477E-06,-0.4201803,0.002582192,5.013482E-08,5.602806E-05,1.239539E-06,-0.5412634,0.000141533,52.186,788695.639097506
1,,,,49.82464,0.9964929,1.246946E-06,-0.378663,0.002584581,4.429646E-08,4.151288E-05,1.203879E-06,-0.2745698,0.0001532883,53.231,799146.795450645
1,,,,43.29585,0.9964834,1.225332E-06,-0.3406548,0.002579691,4.464065E-08,5.742537E-05,1.20249E-06,-0.4817718,0.0001479145,54.311,813235.433335618
1,,,,37.65061,0.9964653,1.208358E-06,-0.3060582,0.002587249,5.273125E-08,4.876492E-05,1.180468E-06,-0.3309166,0.000146487,55.416,824644.103816915
1,,,,32.70782,0.9964706,1.193976E-06,-0.2766592,0.002567314,4.730108E-08,4.444577E-05,1.174668E-06,-0.4707594,0.0001551356,56.527,834581.767137698
1,,,,28.51278,0.9964648,1.181515E-06,-0.2537589,0.002574481,4.202573E-08,4.842901E-05,1.151111E-06,-0.3129406,0.0001459832,57.623,843378.882197856
1,,,,24.78584,0.9964672,1.170437E-06,-0.232678,0.002585997,5.166174E-08,5.896821E-05,1.152321E-06,-0.2963183,0.0001359912,58.675,851363.379660759
1,,,,21.52205,0.9964636,1.162137E-06,-0.2150812,0.002584181,5.144945E-08,5.771891E-05,1.151393E-06,-0.185805,0.000154128,59.647,857440.732030733
1,,,,18.73501,0.9964659,1.152268E-06,-0.2000804,0.002567285,4.456695E-08,5.168312E-05,1.135303E-06,-0.2694863,0.0001441359,60.76,864786.577428168
1,,,,16.27602,0.9964595,1.146855E-06,-0.1877916,0.002557249,4.267437E-08,6.633397E-05,1.132381E-06,-0.2020483,0.0001754556,61.729,868862.672264584
1,,,,14.18732,0.9964609,1.13747E-06,-0.1730795,0.002544826,5.269485E-08,5.977606E-05,1.131112E-06,-0.128694,0.0001488381,62.834,876032.686576349
1,,,,12.32259,0.996457,1.131471E-06,-0.1670225,0.002542702,5.885259E-08,6.383846E-05,1.112792E-06,-0.300622,0.0001628605,63.695,880673.919172476
1,,,,10.73144,0.9964613,1.126471E-06,-0.1601958,0.002547401,5.479227E-08,4.884621E-05,1.105192E-06,-0.1371953,0.0001686543,64.677,884586.731482657
1,,,,9.322762,0.996456,1.120643E-06,-0.1562549,0.002552268,4.721841E-08,4.77824E-05,1.100998E-06,-0.2335267,0.0001575706,65.8,889182.371192253
1,,,,8.104219,0.9964604,1.114425E-06,-0.1532167,0.002556903,5.934023E-08,4.080094E-05,1.088922E-06,-0.3007451,0.0001521968,67.085,894147.564887722
1,,,,7.051006,0.9964513,1.105984E-06,-0.1512913,0.002558697,6.120273E-08,6.53729E-05,1.084269E-06,-0.1835057,0.0001494258,67.847,900963.576326601
1,,,,6.141901,0.9964544,1.100215E-06,-0.1504227,0.002562375,5.917173E-08,5.550943E-05,1.08205E-06,-0.1572778,0.000149174,68.717,905690.615016156
1,,,,5.336404,0.9964635,1.092165E-06,-0.1493686,0.002573084,5.382309E-08,4.816194E-05,1.080563E-06,-0.09662312,0.0001476626,69.713,912374.50385244
1,,,,4.639253,0.9964637,1.086789E-06,-0.1514283,0.002566981,5.224315E-08,5.506703E-05,1.068116E-06,-0.1268002,0.0001479145,70.852,916887.914765424
1,,,,4.035383,0.9964681,1.079447E-06,-0.1530599,0.002584322,6.281866E-08,4.723185E-05,1.046734E-06,-0.2620021,0.0001307013,72.154,923128.324039995
1,,,,3.512815,0.996455,1.069136E-06,-0.1565975,0.002593745,6.870553E-08,0.0001518985,1.062768E-06,-0.1518725,0.0001139919,73.645,932018.938657009
1,,,,3.051758,0.9964519,1.06122E-06,-0.1601187,0.002576883,7.261681E-08,0.0001560176,1.050537E-06,-0.1485786,0.0001067035,75.355,938968.262942651
1,,,,2.657316,0.9964548,1.05447E-06,-0.1622724,0.002588781,7.148041E-08,0.0001397637,1.047217E-06,-0.1419885,0.0001278631,77.31,944981.649549062
1,,,,2.308659,0.9964538,1.046522E-06,-0.1688163,0.00258671,7.974234E-08,0.0001408895,1.039776E-06,-0.1607929,0.0001240398,79.556,952157.527505394
1,,,,2.00732,0.9964535,1.036941E-06,-0.1727688,0.00258199,8.183267E-08,0.0001463381,1.030343E-06,-0.1726663,0.0001236361,82.133,960954.866284581
1,,,,1.74386,0.9964525,1.024745E-06,-0.1784233,0.002571023,7.906378E-08,0.0001433985,1.020441E-06,-0.1840884,0.0001342279,85.093,972390.692318577
1,,,,1.514047,0.9964523,1.016941E-06,-0.1841856,0.002564276,8.165929E-08,0.0001570611,1.015143E-06,-0.1946246,0.0001155871,88.499,979852.616818478
1,,,,1.325048,0.9964509,1.012218E-06,-0.1854134,0.002567845,8.878225E-08,0.0001532891,1.009345E-06,-0.1997516,0.000118442,92.388,984423.217133068
1,,,,1.146875,0.9964519,9.994297E-07,-0.189129,0.002582914,8.986941E-08,0.0001532001,9.941409E-07,-0.1734661,0.0001307464,96.873,997020.500791601
1,,,,1.001604,0.9964538,9.893109E-07,-0.2022378,0.002575902,9.042672E-08,0.0001572725,9.865138E-07,-0.1878413,0.0001174905,102.005,1007220.07611561
