Process,Time,Ewe,I,freq,|Ewe|,|I|,Phase Zwe,Ewe,I,|Ece|,|Ice|,Phase Zce,Ece,t,|Z|,
1,,,,1000031,0.006673159,0.0001591379,-1.650455,-0.1481993,1.227305E-06,0.0005075329,0.0001794399,-0.5256091,0.0001054072,1.698,41.9331849923871
1,,,,869749.9,0.007700889,0.0001608684,-1.634812,-0.1478735,1.089569E-06,0.000541576,0.0001781689,-0.4860583,9.684256E-05,2.067,47.8707378204793
1,,,,756468.7,0.008890616,0.0001624487,-1.624022,-0.1476367,1.356096E-06,0.0005607569,0.0001769062,-0.4645298,8.920157E-05,2.437,54.7287605256306
1,,,,657937.4,0.01024883,0.0001639369,-1.612056,-0.1474569,1.260295E-06,0.0005825192,0.0001761367,-0.4377629,8.48353E-05,2.806,62.5169196196829
1,,,,572234.3,0.01180179,0.0001648818,-1.601445,-0.1473185,1.280984E-06,0.0006169665,0.000175696,-0.3862927,8.072094E-05,3.176,71.5772753572559
1,,,,497703.1,0.01360407,0.0001660119,-1.594064,-0.1472387,1.416111E-06,0.000644595,0.0001750124,-0.3617961,0.0001097734,3.546,81.9463544480847
1,,,,432875,0.01567299,0.0001670304,-1.587212,-0.147184,1.324225E-06,0.000662624,0.0001753559,-0.3086549,9.986536E-05,3.916,93.8331585148572
1,,,,376500,0.01804858,0.0001680878,-1.583189,-0.1471104,1.170832E-06,0.0006820215,0.0001759779,-0.2463621,0.00010843,4.286,107.37590711521
1,,,,327453.1,0.02079232,0.0001691621,-1.578706,-0.1470725,1.291608E-06,0.0007024145,0.0001763527,-0.1983418,0.0001119566,4.656,122.913584071136
1,,,,284796.8,0.0239521,0.0001702915,-1.575663,-0.1470414,1.442019E-06,0.0007225252,0.0001766731,-0.1668202,0.0001001173,5.026,140.65352645317
1,,,,247703.1,0.02760142,0.0001706372,-1.571761,-0.1470103,1.543597E-06,0.0007440593,0.000176824,-0.09944094,0.0001089338,5.395,161.754998323929
1,,,,215437.5,0.03182092,0.0001717694,-1.568816,-0.1469895,1.566149E-06,0.0007574167,0.0001776564,-0.04889419,9.793412E-05,5.764,185.253718066198
1,,,,187375,0.03668696,0.0001730424,-1.564613,-0.1469654,1.590938E-06,0.0007716729,0.0001788624,0.02008064,0.0001143916,6.134,212.011391427766
1,,,,162968.7,0.0423068,0.0001738568,-1.564124,-0.146946,1.307451E-06,0.0007801251,0.0001795343,0.08357784,0.0001166587,6.504,243.342797060569
1,,,,141750,0.0487949,0.000174736,-1.562695,-0.1469407,1.425244E-06,0.0007922572,0.0001802144,0.1382026,0.0001092696,6.874,279.249267466349
1,,,,123281.2,0.05629305,0.0001756487,-1.560699,-0.1469118,1.328326E-06,0.0007878768,0.000181222,0.2244037,9.348388E-05,7.244,320.486573484461
1,,,,107234.4,0.06493919,0.0001766022,-1.559632,-0.1469173,1.592616E-06,0.0007936704,0.0001820815,0.2961269,0.0001099414,7.613,367.714501857848
1,,,,93265.62,0.07494155,0.0001776355,-1.559346,-0.1468974,1.356656E-06,0.0007960865,0.0001831121,0.3841235,0.0001326964,7.983,421.883857674845
1,,,,81109.37,0.08648895,0.0001785645,-1.557931,-0.146894,1.310247E-06,0.0007994576,0.0001839521,0.4666183,0.0001213609,8.352,484.356913048226
1,,,,70546.87,0.09677035,0.0001760441,-1.690356,-0.1468832,1.352908E-07,0.0008509079,0.0002338799,0.7352202,0.0001211929,8.801,549.693798315309
1,,,,61359.38,0.113121,0.0001789298,-1.673081,-0.1469023,1.432751E-07,0.0008280778,0.0002355136,0.8416508,0.0001087658,9.172,632.208832737755
1,,,,53359.37,0.1318782,0.0001815468,-1.659555,-0.1468966,1.673029E-07,0.000804052,0.0002367193,0.9535708,0.0001306812,9.542,726.414346052919
1,,,,46421.88,0.1538912,0.0001836457,-1.658147,-0.1468848,1.112072E-07,0.0007949243,0.0002360089,1.095883,0.000121025,9.912,837.978781969847
1,,,,40375,0.1784199,0.0001837772,-1.628783,-0.1468984,1.301115E-07,0.0007578182,0.0002330717,1.254841,0.0001363069,10.282,970.848941000298
1,,,,35109.38,0.2060433,0.0001855379,-1.618277,-0.1468868,9.262087E-08,0.000729337,0.0002317911,1.423545,0.0001329483,10.652,1110.51865952994
1,,,,30531.25,0.2376475,0.0001867327,-1.609171,-0.1468998,1.450145E-07,0.0006896269,0.0002297399,1.605864,0.0001284141,11.022,1272.66140317149
1,,,,26562.5,0.2733468,0.0001870283,-1.601924,-0.1469082,1.395543E-07,0.0006631556,0.000223897,1.826274,0.0001282461,11.392,1461.52641070897
1,,,,23093.75,0.3135729,0.0001868524,-1.594987,-0.146905,1.32748E-07,0.000627638,0.0002180888,2.036227,0.0001237119,11.763,1678.18502732638
1,,,,20093.75,0.3581024,0.0001859869,-1.589619,-0.146897,1.131708E-07,0.0005786344,0.0002098846,2.307488,0.0001263149,12.132,1925.41732777954
1,,,,17468.75,0.4072801,0.0001842598,-1.58447,-0.146904,1.1347E-07,0.0005346141,0.000200368,2.585982,0.0001206052,12.502,2210.35787513066
1,,,,15195.91,0.4602061,0.0001813703,-1.580084,-0.146921,1.600104E-07,0.0005028904,0.0001898412,2.837595,0.0001355512,12.891,2537.38401491314
1,,,,13219.16,0.5163295,0.0001773768,-1.575732,-0.1469187,1.733798E-07,0.0004756234,0.000180167,1.83855,0.0001355512,13.324,2910.9190153391
1,,,,11516.7,0.573819,0.0001720344,-1.572461,-0.1468779,9.931446E-08,0.0004462893,0.0001706269,-2.966717,0.0001356352,13.812,3335.48987876843
1,,,,10019.53,0.6323464,0.0001652129,-1.569375,-0.1469042,1.358513E-07,0.0004062686,0.0001607095,-2.724671,0.000138574,14.366,3827.46383605638
1,,,,8712.634,0.6897793,0.0001570197,-1.566881,-0.1469192,1.298487E-07,0.0003823456,0.0001515737,-2.527828,0.000121025,14.997,4392.9475091342
1,,,,7560.961,0.7448542,0.000147432,-1.564457,-0.1469151,1.103082E-07,0.0003388842,0.0001412251,-2.315851,0.0001295896,15.716,5052.18812740789
1,,,,6594.21,0.7932398,0.0001371778,-1.563064,-0.1468839,1.007713E-07,0.0003066093,0.0001312915,-2.183543,0.0001326964,16.534,5782.56685848585
1,,,,5719.863,0.8273533,0.0001243516,-1.560997,-0.1428551,8.861568E-08,0.0002647541,0.0001189826,-2.033412,0.000123544,17.468,6653.33859797542
1,,,,4977.963,0.8462792,0.0001108972,-1.559138,-0.1424037,1.363891E-07,0.0002362116,0.0001064263,-1.863922,0.0001423526,18.507,7631.20439470068
1,,,,4330.843,0.8616203,9.842242E-05,-1.558344,-0.1424666,1.427651E-07,0.0002182863,9.536317E-05,-1.751442,0.0001325284,19.545,8754.30923157549
1,,,,3766.388,0.874373,8.703447E-05,-1.557266,-0.1430714,1.375852E-07,0.0001939075,8.45936E-05,-1.66016,0.0001404213,20.584,10046.2839608261
1,,,,3276.855,0.8850079,7.678351E-05,-1.556369,-0.1438238,1.226634E-07,0.0001758268,7.498614E-05,-1.545617,0.000143696,21.623,11526.0151561188
1,,,,2847.269,0.8940631,6.753835E-05,-1.555276,-0.1441767,1.346488E-07,0.0001526063,6.620201E-05,-1.536015,0.0001475585,22.662,13237.8581946405
1,,,,2478.965,0.9015961,5.940283E-05,-1.554692,-0.1429738,8.320836E-08,0.0001452318,5.850882E-05,-1.500695,0.0001520927,23.701,15177.6624110333
1,,,,2152.935,0.9133988,5.230077E-05,-1.576375,-0.142331,1.340499E-08,0.0001394556,4.507921E-05,-1.410094,0.0001316888,24.952,17464.3470832265
1,,,,1873.203,0.9178414,4.581438E-05,-1.57275,-0.1417797,1.497143E-08,0.0001274352,4.07054E-05,-1.408575,0.0001498256,25.991,20033.9151157344
1,,,,1628.436,0.9216903,4.007638E-05,-1.569351,-0.141055,1.713694E-08,0.0001251423,3.693464E-05,-1.408689,0.0001373145,27.03,22998.3421656347
1,,,,1417.264,0.9250819,3.507601E-05,-1.566524,-0.141717,1.288382E-08,0.0001196907,3.239917E-05,-1.4093,0.0001278263,28.069,26373.6354277468
1,,,,1233.816,0.9281537,3.070383E-05,-1.564025,-0.1425515,3.385114E-09,0.000117165,2.898514E-05,-1.371694,0.000121109,29.107,30229.2482729353
1,,,,1071.714,0.930957,2.679627E-05,-1.561859,-0.1424138,1.451734E-08,0.0001047893,2.535577E-05,-1.464151,0.0001389939,30.146,34742.036858115
1,,,,931.7174,0.9335221,2.341456E-05,-1.559441,-0.1420235,1.716597E-08,0.0001102224,2.248552E-05,-1.388648,0.0001289179,31.189,39869.2992736144
1,,,,811.3011,0.9359515,2.04808E-05,-1.55837,-0.1425571,1.040388E-08,0.00010717,1.988984E-05,-1.428706,0.0001334521,32.227,45698.9717198547
1,,,,706.1287,0.9382582,1.790796E-05,-1.556841,-0.1437893,1.328767E-08,0.0001061396,1.747346E-05,-1.47901,0.0001276584,33.265,52393.360271075
1,,,,612.843,0.940505,1.561571E-05,-1.555967,-0.1439942,3.723805E-09,0.0001028987,1.530926E-05,-1.559672,0.0001442838,34.308,60228.1292365189
1,,,,533.1233,0.942593,1.364215E-05,-1.554689,-0.1438392,1.235099E-08,0.0001043982,1.352169E-05,-1.477479,0.0001239638,35.351,69094.1677081692
1,,,,464.5541,0.9445623,1.193433E-05,-1.55332,-0.1444781,6.543989E-09,0.0001054449,1.187653E-05,-1.534414,0.00013362,36.389,79146.6550698699
1,,,,403.5793,0.9465466,1.041946E-05,-1.553312,-0.145132,1.459298E-08,0.0001092472,1.042056E-05,-1.562845,0.0001427724,37.433,90844.1128427001
1,,,,351.4618,0.9484355,9.105543E-06,-1.552072,-0.1450294,1.410237E-08,9.352548E-05,9.108694E-06,-1.486262,0.0001263149,38.466,104160.235144681
1,,,,305.4887,0.9503312,7.943739E-06,-1.551421,-0.144967,4.443431E-09,9.748666E-05,7.950446E-06,-1.556083,0.000146299,39.505,119632.732142886
1,,,,265.4247,0.9522038,6.932354E-06,-1.551413,-0.1455634,1.026332E-08,0.0001030064,6.934721E-06,-1.54826,0.0001531843,40.543,137356.488142412
1,,,,230.9605,0.9540402,6.056183E-06,-1.551796,-0.1459315,6.209825E-09,9.896019E-05,6.070437E-06,-1.496017,0.0001528484,41.576,157531.600349593
1,,,,200.8356,0.9552029,5.278021E-06,-1.571352,-0.1453053,1.368623E-09,0.0001079552,5.267708E-06,-1.515369,0.0001426884,42.822,180977.472427639
1,,,,174.8323,0.9570515,4.614296E-06,-1.56837,-0.1457735,8.25711E-10,0.0001177228,4.566587E-06,-1.533291,0.0001515889,43.861,207410.079457408
1,,,,151.7974,0.9588984,4.022223E-06,-1.565594,-0.1460262,4.845329E-09,0.0001083244,3.943536E-06,-1.560494,0.0001474745,44.89,238400.108596664
1,,,,132.2426,0.9606581,3.516667E-06,-1.562762,-0.1457145,9.319867E-10,0.0001126179,3.466908E-06,-1.644099,0.0001478104,45.913,273172.893538114
1,,,,114.8894,0.9624407,3.067937E-06,-1.560724,-0.1454601,2.231862E-09,0.0001130277,3.040005E-06,-1.609886,0.0001575505,46.951,313709.40798328
1,,,,99.90408,0.9642316,2.678547E-06,-1.558898,-0.1459098,1.746436E-09,0.0001118275,2.690414E-06,-1.516386,0.0001493218,47.991,359983.080379026
1,,,,86.91921,0.9659299,2.339469E-06,-1.558587,-0.1458853,7.502321E-09,0.0001106576,2.328751E-06,-1.558838,0.0001423526,49.011,412884.248519643
1,,,,75.70236,0.9675745,2.046744E-06,-1.555201,-0.1455213,2.544474E-09,0.0001194111,2.050682E-06,-1.573211,0.0001272385,50.04,472738.407929863
1,,,,65.77879,0.9693291,1.781651E-06,-1.555812,-0.1448787,-2.596001E-09,0.0001196434,1.795352E-06,-1.539044,0.000131017,51.07,544062.277067731
1,,,,57.29168,0.9711714,1.592348E-06,-1.576938,-0.1446901,-1.109941E-09,0.0001099788,1.601136E-06,-1.619316,0.0001381542,52.069,609898.966808763
1,,,,49.82464,0.9724692,1.363373E-06,-1.548354,-0.1445814,4.356427E-10,0.0001226023,1.364013E-06,-1.484663,0.0001517568,53.114,713281.838499076
1,,,,43.29585,0.9740793,1.187475E-06,-1.550451,-0.1443085,3.960366E-09,0.0001080642,1.186154E-06,-1.555067,0.0001480623,54.194,820294.574622624
1,,,,37.65061,0.9758547,1.020841E-06,-1.553111,-0.1443597,-2.729987E-09,0.0001096181,1.026324E-06,-1.599749,0.0001358031,55.299,955932.118713884
1,,,,32.70782,0.9773731,8.924433E-07,-1.550628,-0.1451913,6.735699E-09,0.0001190312,8.977538E-07,-1.579586,0.0001452914,56.41,1095165.48558323
1,,,,28.51278,0.9788262,7.824107E-07,-1.554156,-0.1443304,6.136111E-09,0.0001135685,7.870138E-07,-1.50389,0.0001358031,57.506,1251038.87255121
1,,,,24.78584,0.9802497,6.918381E-07,-1.548003,-0.1442538,2.366433E-09,0.0001141106,6.95098E-07,-1.459382,0.000131017,58.558,1416877.30120674
1,,,,21.52205,0.9814072,6.010147E-07,-1.54412,-0.1442647,-3.634977E-09,0.0001223747,6.03953E-07,-1.53749,0.0001405053,59.53,1632917.1316442
1,,,,18.73501,0.9789343,5.193372E-07,-1.561257,-0.1445809,3.095428E-09,0.0001125648,5.167094E-07,-1.471652,0.0001427724,60.874,1884968.57147919
1,,,,16.27602,0.9811338,4.565766E-07,-1.561103,-0.1440319,-6.000598E-10,0.0001282006,4.544677E-07,-1.447666,0.0001396656,61.843,2148891.99315077
1,,,,14.18732,0.9818059,4.026483E-07,-1.533506,-0.1440709,-4.764433E-09,0.0001097011,4.066922E-07,-1.489005,0.0001342917,62.948,2438370.90582526
1,,,,12.32259,0.9828265,3.454594E-07,-1.538937,-0.1447216,1.049358E-08,0.0001187096,3.416821E-07,-1.53995,0.0001389939,63.809,2844984.09943397
1,,,,10.73144,0.9855261,3.050413E-07,-1.558122,-0.146299,2.927308E-09,0.0001189122,3.084047E-07,-1.50108,0.0001163229,64.791,3230795.63324704
1,,,,9.322762,0.9866506,2.665244E-07,-1.552945,-0.1446522,1.200365E-10,0.0001174923,2.67607E-07,-1.486918,0.0001328643,65.914,3701914.72150392
1,,,,8.104219,0.9879206,2.308428E-07,-1.550939,-0.1457005,-4.147031E-09,0.0001063154,2.322206E-07,-1.403523,0.0001315208,67.199,4279624.92224146
1,,,,7.051006,0.9880664,1.914568E-07,-1.45244,-0.1449246,-4.295137E-09,0.0001369226,1.908589E-07,-1.335765,0.0001265668,67.961,5160779.87305752
1,,,,6.141901,0.9886543,1.747858E-07,-1.540345,-0.1455162,-3.365849E-09,0.0001257168,1.750041E-07,-1.566128,0.0001349635,68.83,5656376.54775159
1,,,,5.336404,0.9912511,1.575259E-07,-1.534957,-0.1450349,-4.046245E-09,0.0001223654,1.58022E-07,-1.54292,0.0001240478,69.826,6292622.99088594
1,,,,4.639253,0.9907153,1.347673E-07,-1.544963,-0.1452571,-1.084268E-09,0.0001205297,1.343618E-07,-1.55192,0.0001368107,70.965,7351303.32061264
1,,,,4.035383,0.9931377,1.170059E-07,-1.551675,-0.1451938,-3.229946E-09,0.0001124141,1.16728E-07,-1.479538,0.0001396656,72.267,8487928.38651726
1,,,,3.512815,0.9944582,1.032281E-07,-1.537845,-0.145863,-1.643887E-09,0.0002146189,1.034786E-07,-1.514808,0.0001248035,73.758,9633599.7659552
1,,,,3.051758,0.9941714,9.120871E-08,-1.453446,-0.1451802,-1.201814E-09,0.0002205754,9.14503E-08,-1.431665,0.0001197318,75.468,10899961.1988811
1,,,,2.657316,0.9960834,8.373463E-08,-1.559456,-0.1454185,4.002208E-09,0.000203277,8.402776E-08,-1.522248,0.0001321589,77.423,11895716.2645849
1,,,,2.308659,0.9971545,6.834315E-08,-1.53396,-0.1456585,9.538956E-11,0.0002134085,6.867276E-08,-1.512872,0.000125839,79.669,14590408.8412665
1,,,,2.00732,0.9978862,5.980943E-08,-1.533204,-0.1456637,-1.111711E-09,0.0002110313,6.008961E-08,-1.506488,0.0001201373,82.246,16684429.1945267
1,,,,1.74386,0.9987828,5.197613E-08,-1.523057,-0.1455852,-2.641368E-10,0.0002099926,5.221007E-08,-1.512766,0.0001198389,85.206,19216182.5053154
1,,,,1.514047,0.9994131,4.750741E-08,-1.429944,-0.1454892,-1.203574E-09,0.000222472,4.77114E-08,-1.403773,0.0001042903,88.615,21036994.0184068
1,,,,1.325048,1.000357,4.000249E-08,-1.5277,-0.1452882,1.377829E-09,0.0002171544,4.018834E-08,-1.501256,9.720128E-05,92.504,25007368.2913239
1,,,,1.146875,1.000839,3.451557E-08,-1.526146,-0.1448741,3.364671E-10,0.0002179698,3.467528E-08,-1.491652,9.15397E-05,96.989,28996739.7322426
1,,,,1.001604,1.001775,3.023537E-08,-1.526916,-0.1452407,3.809024E-10,0.0002187124,3.038896E-08,-1.501605,9.064021E-05,102.121,33132553.0330868
