7.7441350637392583	-6.3388697307916866
3.7423652042721871	-4.2967336976123187
2.1306467278357970	-2.8263815117161624
1.9795571775499534	-0.8804864088165355
1.3631427701041485	-0.7055553216083932
1.0668301664366024	-0.5178488042000936
0.9142700670448516	-0.3490106499640154
0.8744207171724825	-0.2352331945075283
0.8448507035174127	-0.1379976667598092
0.8447176054101762	-0.0771705878034974
0.8477138085605986	-0.0502458331616107
0.8491577595000952	-0.0366957500422220
0.8498346787831593	-0.0292461307609249
0.8500959487978319	-0.0228748933575156
0.8489768609078042	-0.0199613827773432
0.8465717293735128	-0.0149903305132302
0.8445480939354819	-0.0148363932464919
0.8405300921906649	-0.0123095269367202
0.8378707002593137	-0.0106701311758097
0.8354654123560648	-0.0096038054797982
0.8336868721728904	-0.0081716193816739
0.8341885311654319	-0.0063368999278243
0.8336748467818351	-0.0036466487579033
0.8340996266298747	-0.0014283578041390
0.8343648489375609	-0.0000623341130582
0.8351962310030601	0.0019914774048731
0.8353783351249593	0.0025765872892835
0.8369465028431267	0.0029966604223281
0.8374681039545434	0.0026516790941454
0.8381586458606629	0.0023268072980180
0.8387457060990169	0.0028129447318946
0.8386713839037530	0.0026123188483459
0.8390737832823905	0.0028231473963764
0.8396617181015367	0.0019167982136376
0.8404083006495331	0.0025540456665191
0.8401947935273911	0.0014904878027566
0.8403408866683375	0.0026332419972175
0.8403660220210732	0.0015905912417248
0.8401698513417323	0.0013773286386116
0.8405584003665033	0.0011057989226460
0.8409665092275482	0.0012057500142833
0.8401025060386832	0.0014831403476750
0.8406686779677132	0.0007588020461710
0.8410670694289851	0.0004518891472921
0.8408012641790404	0.0013771698013842
0.8403637566307983	0.0007374666982320
0.8400126441095547	0.0006594994384747
0.8404536278927750	0.0002970981006105
0.8399000121165160	0.0001506538746691
0.8398876178592875	0.0005552990024939
0.8402302283027676	0.0001272974852755
0.8395754367126819	-0.0003360810577767
0.8401824482481348	0.0000463529161278
0.8398343744856511	0.0000702702104271
0.8400243172397821	-0.0000152135712080
0.8398234144382418	-0.0000922057247238
0.8399712151352070	0.0002270501887766
0.8392272077361865	0.0001581240032894
0.8398681655036365	0.0007763814922184
0.8394287543034941	0.0001589875561375
0.8394296033201578	-0.0003015342908957
0.8393995140164459	0.0004129051030658
0.8389589831516721	-0.0000686780298628
0.8389066129740690	0.0003668001113140
0.8389195219714435	-0.0000812456814894
0.8390935583019322	0.0000606068132096
0.8383268441642851	-0.0002414537306752
0.8387182834647772	0.0000307447787102
0.8382168583487243	0.0004341690455828
0.8382520237091097	0.0002268553124627
0.8383347196526200	-0.0004444910621880
0.8382197441346911	0.0000304716934034
0.8381260833021000	-0.0000218533414073
0.8380988267935032	-0.0002516711956846
0.8382825099049059	-0.0002676248020248
0.8376363905465363	-0.0000345395093892
0.8381957294332332	0.0001312071372176
0.8373109983455296	0.0002109538957397
0.8375447987623164	-0.0000241919873675
0.8375790144325058	-0.0000910656111872
0.8374561094374616	0.0001603360825931
0.8374517902109252	0.0001012396311570
0.8369967738045044	-0.0003502001401925
0.8372822570763119	-0.0001253337030084
0.8369250901580529	0.0001960665281507
0.8370221632432504	-0.0004419778760680
0.8370623623499934	-0.0001596570079127
0.8368927412664310	0.0001308522819377
0.8364209158849270	-0.0000868466713556
0.8371416566781676	0.0003463287879784
0.8361470351361774	-0.0002123358650903
0.8364744405356470	0.0002785952673443
0.8361931879584996	0.0000710932035451
0.8358936354765160	0.0001069403871956
0.8359776227305824	0.0000408391537788
0.8357287012818070	-0.0000469979306501
0.8354433689723376	-0.0000916451303477
0.8353721160398030	0.0000536559260259
0.8350536874669998	0.0000864060950492
0.8345414622152566	-0.0000852587589760
