54.5762830798649570	49.2415201306684550
34.0494970110142750	113.1457044126580900
45.7309570048977040	118.1405272742858000
63.0508799870130970	107.1388660737113600
38.8898363138153870	102.8557608603276800
40.9077486870528160	96.3898752681710530
41.1751629106436430	126.5668861482344200
82.8129652257165530	122.9352989465041800
73.5712046072631550	166.2869288171867200
129.9463813725233800	169.3332023160837100
74.7572802277001780	287.1350366770295200
126.9154518236834100	281.1170593506679400
164.9223055644036200	322.3817541611614400
103.3109449614806400	358.4264285032940100
413.6402145286467100	1110.0083537993455000
484.2134278200775300	1188.5728207737880000
617.0638958975632700	1303.1650120132965000
662.2324890020174700	1430.9707229488752000
784.4849505747902200	1585.5968326069578000
895.7968671991777700	1714.7563982125885000
1055.6683870643949000	1894.0600781062446000
1261.5894866780536000	2034.9053591631562000
1294.3870221851714000	2282.8214165675895000
1598.8842260637512000	2405.5209634290936000
1833.0539728137019000	2477.5419225468954000
2035.6321480937504000	2776.4564644140492000
2232.8623127883243000	2772.3175322630709000
2316.6571997702499000	2856.1110173173606000
2512.7577173925911000	3105.1096071962529000
2572.3927962885014000	3216.2248616818638000
2678.2041805930667000	3272.0878423009708000
2762.6653644495304000	3106.3047820511088000
2859.2289692912505000	2488.9400404749294000
2873.6707137603785000	1501.5358884773229000
2945.9742376122276000	-147.7639972375140800
-0.0001485692320769	0.0011221561619134
-0.0000277942827726	0.0006984073724187
0.0010886721110400	0.0007825345452924
0.0026831686252669	0.0044581749219630
0.0001926784413225	0.0005653249257822
0.0008111625567958	0.0005691651741346
-0.0002571902425503	0.0005291392639857
0.0001960979686271	0.0003911649500172
0.0003671856001190	0.0003167407768713
0.0001471200103176	-0.0008371274779343
0.0007308293888602	0.0002463731551759
0.0010258481423317	-0.0001908009612857
0.0007288471879810	0.0001059090641251
0.0004291367788514	-0.0007336660233458
0.0000590752955327	-0.0003730599096883
0.0006314424611532	-0.0004693346137076
0.0008436856507577	0.0006217116217418
0.0010044684063193	0.0004305524651526
0.0006391069748503	-0.0005991243866277
0.0005318096959885	-0.0000848891949636
0.0007805136000965	-0.0001110921598279
0.0005442251385458	0.0004878059334430
0.0050364438476852	0.0005268079373091
0.0009761165312868	0.0014844069379417
0.0013724781595032	0.0004547747604702
0.0022263771134912	-0.0007434925699510
0.0003938378199594	-0.0019382900311856
0.0017814205519812	0.0011453304012154
0.0010749217823066	0.0003300101898581
0.0017638513807282	0.0006125000935499
0.0002524360570324	-0.0022682643041852
0.0027578326804903	0.0021994600325971
0.0017312315394817	0.0022827564307875
0.0038545223266404	0.0033186056729221
0.0036300591223234	0.0008314022673224
0.0043077140826341	-0.0019402109175217
0.0053876847459990	0.0034911465815171
0.0076782462472438	0.0012067373260892
0.0081587109079094	0.0063312704889596
0.0045440710124132	-0.0101598704694199
0.0117673716015188	-0.0079499103539401
0.0005534175436454	-0.0070900727311135
0.0192953201683060	-0.0093862927844032
0.0088409327420579	0.0014066721319191
0.0203781300685925	-0.0022636812998871
0.0147556875601523	0.0069485237073994
0.0069078172223598	-0.0171134641121436
0.0228295970151703	-0.0178665615240643
0.0287553602532528	0.0111002212851096
0.0353998905174786	-0.0150587705237844
0.0296905108666490	0.0225635681348667
0.0414991190668996	-0.0024213123201322
0.0299583731883766	-0.0434920502509377
0.0274134649109549	-0.0939082386935765
0.0751120029519803	0.0225861979189959
0.0606986868799531	-0.0582037403467831
0.1176979617893239	0.0524255517279608
0.1962706581322886	-0.1641043173179954
0.0720745070811032	0.1665711389051873
0.1518948911372639	-0.0565411032810909
0.1745022807800199	-0.0602475682081830
0.2521878136463041	0.0899838713384356
0.1306291942684165	-0.0993497062962914
0.2129941621297112	-0.0320632430722388
0.1770495289535275	0.2820596201066962
