59.2311645044615250	38.5613698426554020
71.4631954754319450	48.0985919308396110
94.5843984021210530	0.2885549107215092
97.3337153562263780	-0.4807706567964448
158.3625441259910400	77.9019700950361910
118.8615903574282000	-117.7121491436988800
226.2467556455799800	59.9229379348781490
155.4192136837524700	15.7444036548615980
163.0477538677956500	63.3722883562212190
151.7935623978242700	167.7104831903690800
110.2663808611639500	205.0303801829167900
106.6811018968448100	273.7084414178738100
101.3829079688707800	301.9381513871511500
256.8222288481164800	332.6231084367765300
117.1477522414418500	521.5652935318843200
84.1093104679355010	505.3425115710168100
178.7529221334286800	582.4004095615767900
690.9467482609554700	1291.4913580606640000
790.4793179796969300	1377.8216479055891000
877.4349788540839700	1487.8162355454513000
969.5840557321220100	1600.9027508254676000
1053.7597396989247000	1728.1656198668086000
1125.9419975025046000	1889.1464095697129000
1171.9375501032071000	2063.7189280184998000
1224.1237044742943000	2313.8164230794282000
1272.8723365031949000	2603.9585176609748000
1307.9291438564403000	2941.8021608376580000
1348.1033962660206000	3350.1024268810934000
1378.3431905062330000	3835.9785107558027000
1430.0837630591809000	4397.5433949285907000
6225.2030576758470000	8841.2422473734732000
6792.4622749255786000	9431.7300859765783000
7289.8768408509786000	10089.4154402900290000
7710.1819137205312000	10905.0856160984290000
8066.0287162928953000	11937.6807343047440000
8372.5968309837372000	13114.1593705869550000
8613.0595380624036000	14599.7664661844990000
8911.2014469485366000	16491.4522998755160000
9068.4391353924475000	18661.3184245827830000
9169.4363420368318000	21368.8150844803930000
9579.4848726726341000	24599.4541292812860000
9837.8547836251309000	28232.9147674705640000
10029.3149349323740000	32677.8688447310810000
51545.1715791572280000	83012.4637439960790000
59653.3276132718310000	84446.4938084573950000
65841.2665547903310000	89080.0667548384080000
71256.9636372039530000	94703.1721243923970000
76280.6972127423650000	101188.6125098356400000
80206.0624613965480000	108929.0986724536500000
83554.4239415397900000	118850.3807128332400000
86531.1290932457920000	131479.4023986563600000
89247.6184387114630000	146590.5601526596300000
91296.8376229838030000	165417.8811482965800000
93504.3672210116490000	187343.1547682776300000
96599.0228462416130000	213994.2875256546500000
97395.2744967387120000	249258.4411957438000000
93297.0929391972310000	224805.1822269167800000
0.0007975949067168	-0.0000845628448709
-0.0000294295854036	0.0000478157174401
0.0000470437870567	-0.0000391634771250
0.0000786510457293	-0.0000285906292296
0.0001324834128991	0.0000445305674164
0.0000114703588975	0.0000692570018472
0.0002064960942977	-0.0001762906469596
0.0001770108928567	0.0002086195393695
0.0002411461889435	-0.0000919289937518
0.0003051034187042	0.0001329032033123
0.0009728337244322	-0.0002287375137978
0.0005882172606615	0.0002750012832976
0.0008596051308547	0.0000664474711373
0.0007851659385431	0.0001956621173959
0.0009554065088807	0.0006875263771086
0.0005112677481234	-0.0007905296086973
0.0013832173123515	0.0001839843625044
0.0015783493514227	0.0001220034415359
0.0005040206803941	-0.0023439609595184
0.0024098541106605	-0.0010267318097653
-0.0010845179174724	-0.0020157157835387
0.0028969815187148	-0.0010108675746824
-0.0003800203381566	-0.0045120205310657
0.0061143132879731	-0.0018284120692340
0.0029049456156419	0.0053633917955494
0.0027836375473295	-0.0064006335951008
0.0051602340059971	0.0044730938575956
0.0065513933790251	0.0092902088766527
0.0001307874601670	0.0086600018503152
0.0098338849606964	0.0006806710540698
0.0023713119920579	0.0157443058959578
0.0222406451165050	0.0061309590378162
-0.0006205618358102	-0.0214528803568948
0.0196192893232423	0.0061405010938336
0.0186279530420473	-0.0472351540031364
0.0350124064513552	-0.0232497424702923
0.0474693588634416	0.0247429849326688
0.0119672635163359	0.0586973455570433
0.0481249345201013	-0.0478140179859575
0.0526803916228509	0.0088754687919251
0.0548384092062803	0.0025616497443145
0.0559788583762415	0.0467594055645671
0.0230626632246598	-0.0311352509499532
