10.5989733422422830	-2.2867882593356246
7.0114191341813763	-1.8428605218051717
4.9600093103137848	-1.2921219290252937
4.0053411773486873	-0.9921932017513243
3.4568229937005905	-0.6729693449017387
3.2765252013101840	-0.4368215650023255
2.9521434877137582	0.8015177785477391
2.9254064508906406	0.6775729323138423
2.9299958510589836	0.5448737357818869
2.9127072248739130	0.4495856415907683
2.9134959760016668	0.3674557026263126
2.9398760352587252	0.2827608930425717
2.9275816173598965	0.2050704209728921
2.9160464417304226	0.1565847598165565
2.9008642568358454	0.1359436109526260
2.8888301021446825	0.1261652216323356
2.8827799983465492	0.0984538527690659
2.8759864483757536	0.0853531766434698
2.8714454853967526	0.0713998496286484
2.8657700958306944	0.0608393205566988
2.8638993604908993	0.0503422535461226
2.8606501315226240	0.0422628581173703
2.8586113411959304	0.0342500609297569
2.8581116843345393	0.0289754999632738
2.8554689395123978	0.0258460348946014
2.8520981777349568	0.0213010146242351
2.8521644782471758	0.0180067265220952
2.8514152457409332	0.0157558263768992
2.8503677355029753	0.0141860923577450
2.8503131292962705	0.0121580159810589
2.8509907644872494	0.0103275539457275
2.8506778461989364	0.0099178561160456
2.8507374532400873	0.0088960088151569
2.8507118339096409	0.0083233610218420
2.8516524199081825	0.0073504441113946
2.8517143945534045	0.0072906376123155
2.8527411709933861	0.0063044256141908
2.8518860710454388	0.0055305754783890
2.8535143369716724	0.0049089826015326
2.8530171633177419	0.0049813188215942
2.8530830754762162	0.0038549911927135
2.8535624977358727	0.0031240643492870
2.8539050425922827	0.0029849545967034
2.8545175867289636	0.0025439458904362
2.8533607669788967	0.0018418971327588
2.8540320901581384	0.0012130969946704
2.8544203637821779	0.0012526912867135
2.8540323673720649	0.0013458878447815
2.8536865031540528	0.0006989971106005
2.8540362275336024	0.0006339802062163
2.8542718284780317	0.0006093981762998
2.8547169581076446	0.0002278452378914
2.8539763094655584	0.0004482746334095
2.8543459142644179	0.0006983930946359
2.8542318779276048	-0.0000124021455629
2.8539420493996399	0.0007799800983668
2.8543459276506047	0.0005240584890743
2.8547908575843275	0.0002860369128492
2.8548640605384694	0.0003329242562250
2.8547076386254138	0.0005789655478938
2.8547145076633513	0.0003881389766546
2.8556318059020698	-0.0002019358321531
2.8556098968049146	-0.0003275136127935
2.8557356235613907	-0.0002149476225645
2.8556442541470681	-0.0000450715185167
2.8555995876443170	-0.0000476239194554
2.8554032684070663	-0.0000226976691107
2.8554350419039154	0.0000264486441134
2.8553826994961713	0.0000188484611504
2.8554492543151335	0.0002667343686996
2.8554666622104561	0.0001648378097392
2.8551677796537875	0.0001685305040381
2.8551865611642242	0.0000574280518725
2.8550309794545563	0.0000946162691496
2.8549060407046087	-0.0000011911595846
2.8550704284517363	0.0001326687846493
2.8550257368995808	0.0001339940665006
2.8549184021837219	0.0001019977554458
2.8548129470307746	-0.0003148641727558
2.8549381780592906	0.0001265536425411
2.8546578463628300	-0.0001111297746614
2.8545024212841237	0.0001429869932359
2.8548758407314510	-0.0000468290993949
2.8548395984992054	0.0001655992533561
2.8541786113353544	0.0000554598871053
2.8542305821266658	0.0001686240612346
2.8544511950387013	-0.0000778554132646
2.8543945881998192	0.0002564835674013
2.8541988630017241	0.0000723365305795
2.8538835631530857	0.0001706490523379
2.8541715743690910	0.0000661125461913
2.8542192319801751	-0.0001054092846730
2.8543015637900400	-0.0000468196794154
2.8541760070435767	0.0000778479074873
2.8540375531196380	-0.0000739995427746
2.8540512254250441	0.0000814849605603
2.8537502980914562	0.0000607585697808
2.8537001285157690	-0.0000779709922798
2.8534849188836859	0.0000640865034085
2.8533552409464042	-0.0000144902395739
