10.6416347731237110	-2.3575607805134555
7.0226862894875488	-1.8558033547171284
4.9904869699273267	-1.2837827305109544
4.0267956239136025	-0.9941893744016179
3.5154054738509739	-0.6581085637604117
3.3081941846400937	-0.4333681925573156
2.9957331007911190	0.8445851147246718
2.9702336472919479	0.7199424004459402
2.9999477633173570	0.5728179912699806
2.9913081176740288	0.4617874605718297
3.0073747935892023	0.3914437512199048
3.0031305284505820	0.3189970791938641
3.0111617781502238	0.2190236013133380
2.9997303000473856	0.1821775511829671
2.9703596972459061	0.1431483076429808
2.9643308820607359	0.1289408096750759
2.9449831651172951	0.1025014479645748
2.9497303155941084	0.0971987427611120
2.9449656323667686	0.0791698449104167
2.9375214134871772	0.0674249571622527
2.9358297151386004	0.0561314471433970
2.9317058337245410	0.0468406536558652
2.9309128455192250	0.0408874794772889
2.9283488437450051	0.0333205424688130
2.9267422537247585	0.0292025281773787
2.9254908179527868	0.0246920623295949
2.9247953347202715	0.0205712349575068
2.9239822433356144	0.0187409711025691
2.9237106678756053	0.0165318157419573
2.9239926024268237	0.0144642848189254
2.9237761120778667	0.0122422378922954
2.9242346755582731	0.0114142407229278
2.9248002970461346	0.0109489533126637
2.9250240962084990	0.0093869435036922
2.9252228860966407	0.0087392990360359
2.9257305037726260	0.0089541793517518
2.9265743398799886	0.0078587811568222
2.9264070613540509	0.0063036076157872
2.9276832391687955	0.0062191404753025
2.9273539621353359	0.0057374044879769
2.9273497443672509	0.0041510725403436
2.9274046145150949	0.0038233067691900
2.9280416552160009	0.0040653337108790
2.9284519380896836	0.0033699556251928
2.9288878980234618	0.0033160736506230
2.9277682756267267	0.0027146980823589
2.9280196576146045	0.0018185706974344
2.9282637035043022	0.0021872947986370
2.9283044474086593	0.0020638725374077
2.9284596558424179	0.0016224754612001
2.9290549615702255	0.0019169117990120
2.9286590728798370	0.0017604985974851
2.9282455298379686	0.0023442425986661
2.9290216526782147	0.0023731114363933
2.9285162333422177	0.0021451891879437
2.9292221639354317	0.0021736414226046
2.9289861599407874	0.0020066888592529
2.9290670606698734	0.0022775273072259
2.9297390339476248	0.0022327867771782
2.9301420074903994	0.0026251486235088
2.9313256112488917	0.0021699367512959
2.9316219727270294	0.0017619912074600
2.9317929538176699	0.0016319762663577
2.9316868929902760	0.0017234471611244
2.9320989336064756	0.0016851709766464
2.9325949597732692	0.0016341969217556
2.9328681569216086	0.0015440848384451
2.9326194121064866	0.0013803430025429
2.9324728479239122	0.0013518008722859
2.9324565538990930	0.0012275539502568
2.9326935153167089	0.0010670799384160
2.9327046204709375	0.0008564990481940
2.9327447243974252	0.0007431320141880
2.9334391261324506	0.0005064518165927
2.9330013618733064	0.0006079032565710
2.9330341565500500	0.0006003753819363
2.9332964378474640	0.0006274940101823
2.9330803315415674	0.0004604868697507
2.9332988754287146	0.0003915678291862
2.9329295824674415	0.0003152506300729
2.9329901579440505	0.0002784836327764
2.9332653962351092	0.0002850617719405
2.9331202147928197	0.0002297933971699
2.9329502407165360	0.0000394038638619
2.9326146120975243	0.0000148228243090
2.9328162661245250	0.0001011098086441
2.9326676068472679	0.0005866308937583
2.9326244223625566	0.0003002329982747
2.9324419458680424	0.0000285252674481
2.9327719262511240	-0.0000674754275002
2.9328622424344752	-0.0000306970372905
2.9328716048576311	0.0001604081920762
2.9328076143568005	-0.0000390872867634
2.9326295599436443	0.0000909475877310
2.9325650190042154	0.0000338052605607
2.9326761697778632	0.0000982382291635
2.9327763502758812	0.0000313254241149
2.9327859933601705	0.0000818799242684
2.9327330865336809	-0.0000104183495278
2.9327559573836228	-0.0000407647212591
