10.5625757682043630	-2.9873262840648382
6.2855964999132903	-2.1847829075606100
3.9233503722058019	-1.3835877373755658
2.4574713161216142	0.8046849914099870
1.9312293909931415	0.5239329819394094
1.6819405260132925	0.4830609582761921
1.5662002611490373	0.4486112623395439
1.5207807211812296	0.4172946909626180
1.4982990536368341	0.3873297654991602
1.4893532989996505	0.3483666897180067
1.4894308117314905	0.3029441116001464
1.4933932599094637	0.2541588861845410
1.4960030775854773	0.2073806522279614
1.4857424768473804	0.1719324217415285
1.4780058653875587	0.1464285397310604
1.4708300272002823	0.1269267529631709
1.4643996301481785	0.1069604430403272
1.4596281227213739	0.0910230199904698
1.4563841667845532	0.0773069989528123
1.4535330407833480	0.0664663625057527
1.4515957195624436	0.0570303298343794
1.4504985335812217	0.0493892137803382
1.4497856539491594	0.0432411031675070
1.4497361518921195	0.0384181684726430
1.4494562841446086	0.0332933561284832
1.4502446061980092	0.0301262173130510
1.4509300177621864	0.0268611466075809
1.4518062513604433	0.0232667512344546
1.4522018624290012	0.0202044955743227
1.4526116839815015	0.0176113100407928
1.4536291284284735	0.0154958373513102
1.4535340760977107	0.0136504423999977
1.4543339532775101	0.0119659640392037
1.4542652747688951	0.0101548922653313
1.4548428396231743	0.0091364022022127
1.4548551154880316	0.0079010786504927
1.4552841503215832	0.0069323974451424
1.4554480214661407	0.0058539031815737
1.4556689854137230	0.0051398910182012
1.4560098702881190	0.0043132249122007
1.4558747311368401	0.0038572850672178
1.4559145333256704	0.0033022687859201
1.4556424978818454	0.0026999695593752
1.4558878058533418	0.0023451912386066
1.4559735070307200	0.0018758976880910
1.4559573528432344	0.0015952508871107
1.4557957445750624	0.0014114455150483
1.4559320464066341	0.0016112515349058
1.4550665543023000	0.0007029537655774
1.4555237819316884	0.0015925634370455
1.4560457607218840	0.0011435244106753
1.4548614427656235	-0.0000244367111632
1.4550280859440237	-0.0001837559344592
1.4544868511904303	0.0008878785182134
1.4548293424627687	0.0002263250384570
1.4556768005930134	0.0003942953998600
1.4553783014628234	0.0006171117274381
1.4550082428840836	0.0002745070963891
1.4553613515627650	0.0002531170309605
1.4551044146261689	0.0003384546737578
1.4550519557547443	0.0001658714130135
1.4552005025862338	-0.0000547482081744
1.4550781182773826	0.0000554547877589
1.4549241192937208	0.0000987570048885
1.4550955608157417	0.0001350913632734
1.4550871763913273	0.0002575424299311
1.4550056076663578	0.0002425711166289
1.4551464444791571	0.0001057454777550
1.4552061325446710	0.0000546269975873
1.4553470197127878	0.0001654061564253
1.4553543915206748	-0.0000232652370907
1.4554549293574817	0.0001403211670107
1.4553159337241222	0.0003118605294009
1.4553145235107334	0.0000258842677773
1.4552348384101117	0.0000408192644664
1.4553181257220895	0.0002144131852685
1.4551954175474924	0.0000297852890574
1.4551937990965460	0.0000422232338973
1.4550464437258275	0.0001367779891788
1.4551877879920849	-0.0000715224652855
1.4550526697571720	0.0001325636069324
1.4545743969360874	-0.0000477973728835
1.4547590255647469	0.0000504752065743
1.4546925359737812	0.0001382794216079
1.4546718256339770	-0.0000707779887220
1.4544854073386333	0.0000033290523811
1.4546927378233587	0.0003073515593604
1.4544982334991934	0.0000418215949788
1.4543811921918375	0.0001061059653401
1.4544582099301877	0.0001421409724118
1.4543010124045852	0.0000601927481583
1.4543095090880216	0.0000126558071008
1.4544596685246165	-0.0000127784812171
1.4543263371373838	0.0000127773112587
1.4543315381184867	0.0000157073041716
1.4543024427634381	0.0000624118983754
1.4540940141467502	-0.0000135899742894
1.4541563175863721	0.0000148906770251
1.4542167110664406	0.0000671798386779
1.4539063754592099	-0.0000648560155692
