11.5951356263488550	-0.6144217507477136
7.9788901498311509	-0.8316220281064087
5.6836032088554163	-0.7026803405676259
4.5615245566142733	-0.5980777174342851
3.9036182302943168	-0.3765717860611225
3.6512551725398357	-0.2378178668643718
3.4665484123909707	-0.1624379220733027
3.3481562792280193	-0.0792812071983502
3.1874822553672097	0.7009991277692379
3.1795177683350766	0.5695505817356102
3.1772386798125574	0.4584036418103620
3.1777625329637749	0.3589481799386606
3.1774088810853471	0.2704210945134556
3.1621056001183492	0.2104988790223093
3.1366541698589936	0.1832251596859023
3.1224708646114259	0.1561697282425165
3.1162200087954846	0.1319612762150392
3.1127122217882719	0.1119370218149419
3.1070337922673872	0.0955422112831877
3.1008435640500762	0.0838595243914190
3.0993579253079320	0.0709484163572965
3.0960134849225747	0.0615673882873164
3.0934333395680271	0.0539303165333084
3.0924359047136307	0.0476556733865269
3.0912224824835888	0.0424469451179929
3.0909247752454418	0.0382134424670624
3.0901956504973502	0.0355645614008604
3.0909164440129850	0.0333268415755183
3.0913739068323616	0.0324001759471778
3.0926554518927261	0.0302929351181717
3.0929431184224137	0.0302016472381876
3.0954444370136640	0.0302695484248679
3.0971208275795417	0.0304924184620827
3.0989986962448639	0.0312102032640911
3.1028336657542370	0.0316839495563177
3.1053195734911991	0.0326203771301031
3.1090507370338107	0.0331206334320557
3.1111245871248823	0.0338108241217073
3.1151469778358525	0.0344197561625703
3.1190275203970215	0.0351498714240697
3.1231273680984639	0.0351046803631992
3.1280675138225829	0.0344826792207091
3.1325041855320497	0.0339775065369572
3.1360604357617787	0.0331136069094040
3.1401136947668924	0.0322658351203055
3.1439458710437571	0.0309875609681102
3.1479278220668676	0.0285950958716930
3.1511819575010027	0.0270996385773790
3.1541341531429583	0.0259366890754230
3.1563946196149848	0.0233892427759842
3.1595352616290278	0.0219960667033466
3.1615950344184367	0.0198511035526705
3.1628342559446194	0.0173801927116926
3.1641472696473776	0.0160488887525882
3.1656236492349321	0.0142063221650006
3.1667556014092559	0.0126498878722370
3.1675512181882084	0.0113001887153853
3.1699184657937312	0.0101521392152089
3.1704963552768515	0.0089909208357678
3.1705978734501783	0.0076354422180254
3.1711506452698965	0.0066692440701847
3.1714701027572616	0.0061576135730276
3.1719988017489400	0.0053042276842822
3.1722781387641903	0.0046392570594980
3.1723435122963100	0.0041268310391650
3.1724242054370242	0.0039491689326638
3.1729139280844612	0.0034502089277875
3.1728547848241218	0.0028387964497332
3.1735120732485789	0.0027426500995080
3.1736125594936873	0.0022767925671971
3.1735297262628279	0.0022035292948432
3.1734340782167494	0.0016473008997102
3.1737749577240635	0.0017225224119630
3.1739055653607906	0.0014812002611165
3.1739164468730774	0.0012118978453721
3.1742210629354544	0.0010684088859662
3.1741169563949425	0.0009442249132195
3.1739555394137069	0.0009407004616668
3.1742649551970081	0.0009835139677644
3.1741804820736208	0.0008153209688104
3.1737498117602501	0.0006281396844458
3.1739143432958805	0.0005726290624618
3.1738894611708348	0.0005948151396033
3.1742981978569365	0.0002585268763952
3.1739766802774425	0.0003701402749972
3.1742790583125173	0.0004042107929029
3.1742265719552898	0.0005391027105979
3.1744842373925213	0.0004047854711691
3.1737532567770477	0.0002444082315225
3.1741813772124248	0.0004237801969175
3.1743241004856224	0.0001069383762159
3.1739144432830289	0.0002084007461244
3.1739877001644397	0.0002086325915476
3.1740255077576789	0.0002501993853221
3.1740709335657775	0.0003146408598279
3.1739257304525434	0.0000000756722929
3.1738551213034665	0.0001608757020168
3.1736139987770309	0.0001136486089434
3.1735816284017231	0.0002524910434912
3.1732676524065235	0.0000737273515898
