2.4422596009147437	1.2820688370634059
3.9883370007682561	1.2763670115051702
6.1458973946238178	-2.3705253248775393
4.7665539651170201	-4.7361436761373348
3.4744528000684829	-6.5202666748446534
2.0866189465638829	-5.3013018014977549
1.2350899774499116	-6.2047160271153059
2.4046916540093117	-9.5186744959853424
-0.9904735137150060	-7.1511597286696444
-2.1772527901633549	-5.9973277212412519
6.7313706333806005	-11.5339829241369480
10.1269158189748400	-2.0017982390512872
-0.6497062674338037	-10.0665561556967870
-10.8933637000308860	-9.9307005555864425
-5.1324284821598880	-4.1950641596204390
2.7835344054567290	-6.4484746150943018
-2.8160061028752819	-1.8570227342286374
4.3190729907420327	-4.5628564254067294
1.0126397799311635	3.5272788513331919
2.8220470897182941	0.6586159264170166
3.4002549993090203	0.8878373414504021
2.9337615382989726	1.6811305987726985
2.0619696487809351	-0.7660992745084531
1.1298672130995013	3.4358806572167091
1.6141198221708914	0.5491834062964686
3.5637000470859213	2.4445605857135986
1.2108256246030167	0.9518355509992144
2.8555943283429452	-0.0899687218607090
5.6370597006991581	1.4225581734110402
-0.8683867668437402	2.0585080245164646
5.1257205522447871	-2.7274568946878328
2.1843123266426110	-1.3272075987055221
2.7737041267557436	-2.2006492814365166
1.5683595650594373	-0.4506099378737425
4.1944139577761828	-2.5932454140232313
1.2745686519224222	1.3243111418523099
1.4512599868836631	-1.2302341401348218
1.0181346037944590	0.1010813591459723
0.8755103821444229	-0.1990580792283218
2.4999345963537296	0.7081140977987218
0.9117554930531583	1.6427196409339204
2.7854147534231575	1.3833199163004850
1.7057386627818121	-1.5047739699604425
2.1980359899108608	-0.2708777041749654
3.4607007200874245	-0.8723036900923763
1.7750253096190740	3.0282581414277132
-0.6691999032425362	-7.1062528853332640
3.1092035505696849	-2.4068024323906139
1.5525863869517864	-1.4504914933166653
1.4422275377560261	1.0130064353216928
5.0707475730973517	1.4062960880938262
0.7183264894256805	1.7549295581981703
3.1886241598841112	-1.3498639822158973
3.0232401805710332	-0.3974106388451567
1.9159941480590024	-4.2201395221055442
1.9875750038608280	2.9056347945502248
7.7829002116665089	3.2504542639114056
1.3347988454949702	13.7016604734274830
12.2422719969389830	-8.6984227869633646
13.2184758379971260	0.3562474715373555
1.6092007040752598	7.0422255009857055
15.6458213856387510	-1.2115207520028379
27.8710051545170680	9.3163907781450082
9.1050254868381586	17.0232686888344130
19.1172353006381290	0.0186664472657979
2942.6679393559216000	-2367.5274595152687000
12610.1221862959650000	-940.5359010653004400
27.8713068748108270	6.4618295032412840
18.8705373922651380	-3.4486345531172211
6.7615856669841801	-13.2726745541207370
19.9427625100853660	-7.4809274439718205
31.1063212347590400	-0.6473285567886746
509.8090242580262800	1069.2072808855853000
5873.0621842828732000	4671.1636149910419000
10759.1936868418120000	-8229.8674121691329000
12522.2848409937450000	-8739.9510515091952000
17566.6275041073310000	28760.8418789411550000
-35746.9000499502730000	27231.1534878770140000
35541.3689306675010000	-7861.6532215661891000
19328.2616129442720000	-25525.5779286372340000
42091.2684651283930000	11246.6809162745900000
55392.2536922269430000	-13693.9914965549670000
163952.8829523902700000	-55953.0118726050640000
99671.7867158809390000	15269.2124333045850000
73226.8975571810730000	-63921.2193532680100000
199108.9092198342800000	-110677.7948623639400000
-19442.7385460317710000	-279068.7371687887400000
-11562.3303688472370000	126108.8878983188300000
34245.8854746105790000	-63569.3519668622540000
-27996.4701252294580000	-196026.2313872334800000
157884.9180670886400000	52836.2605240609700000
115993.8026319774200000	42961.2279740356320000
173419.6909319896400000	142055.7005788711200000
1033493.2922415986000000	844572.9436363196000000
625016.0327186608900000	-687654.1678670948600000
762737.3083384772800000	-23317.2364080032310000
466732.7453906720600000	243706.8298294288100000
559433.2665674921600000	-13186.6891407168710000
109023.6984199014000000	107987.6645441477400000
28280.1890695403160000	-118595.1162836528800000
