3.0708446598888219	1.3365838320022094
4.6733793493392213	1.1678231636971212
5.7324437180320267	0.4482478090336542
-2.4375725891374840	-7.1651421809914773
-3.2845213457360702	-6.7031892705275711
-0.8078837705505026	-5.7007189815101542
-1.3767961884832303	-3.3135042891617772
-0.8918810223040049	-4.0642419764057021
-0.8881642378071624	-4.0141039373830214
-0.9353516908495987	-3.6710862562759252
-0.3115273374441499	-3.4973147457515865
0.6025794551722500	-2.1600570008527851
0.6951387952821150	-2.8267801473104299
2.2124289246289921	-1.9969387078957697
1.6944132616402083	-0.4259247360408911
1.3616748077354734	0.2896090969333570
1.0628500111909320	0.6739228089841929
0.7328641303695961	0.6072886427809449
0.3454272611122553	0.2535138861124173
0.5762130309875738	0.4156557572409282
0.3969023764491836	0.0219771499482148
0.3094301153268348	-0.1782467544614307
0.1653188601339845	0.1464011626953013
0.1714606656972189	-0.0677455530969054
0.0276588248651143	-0.1036173967093283
-0.0029486000211169	-0.0912034145084543
0.1388211487385911	0.0091790849276041
0.0345210356037828	0.0048429224538534
0.0702429885952677	-0.0440618079078039
0.0255171051870730	-0.0955122891052029
0.0059575941776595	-0.0950870329392429
0.0789060077056029	-0.0640659430153247
-0.0460732006322747	0.1051766082892854
0.0039524366107154	-0.0773809002914716
0.0613775041808208	-0.0228095206098628
0.0569691730911447	0.0032049979733733
0.0795401402488595	0.1847727267082354
0.0738023444221605	0.0192904534330821
0.0603525428862640	0.0287915863578197
0.0456037574957040	0.0106340614988692
0.2395091130815150	0.0173861346013189
0.0023439712761632	0.0310053804595897
0.0866024291240881	0.0734715575420338
0.0654475978551457	-0.0199154419556851
0.0372515830840317	0.0621175311288601
0.0531601686405473	-0.0094094444089148
-0.0120873645220227	0.1488380744192080
0.0614581251257006	-0.0441061920440877
0.0699763723823242	0.0136000741323344
0.0041026902204807	-0.1090298007539110
0.0962508582645639	0.0096846761775297
0.1192019010715242	-0.0469411373230659
0.3097747831218333	0.0091086486628664
0.1690850576211933	0.0625518754040985
0.1068144223258107	0.2773925001388209
0.4631269758959857	0.1603002179996392
0.2649794184170916	0.1485646435608367
0.4640871566252800	-0.1972425495163208
0.1818210975206732	-0.0764388595775403
0.0685972414971270	0.2624768187338586
0.0691501012626386	-0.4346925482648027
0.4265079755779270	-0.0534698815239196
0.6827336213782328	0.1675023771716619
0.5010441807780085	-0.0563607919230448
1.0681955387467630	0.5171612035356593
0.7867197466497817	0.3498300437618664
0.9560440203481651	-0.7681084549651616
0.9347254835799279	0.0560700720045180
1.7075763840853115	0.1202574795947549
1.1547968830587043	0.4310569584938484
1.6388023375659462	-0.8242754236211084
0.8076860126716057	-0.8107783136161844
0.9036290117608480	2.1083888449715000
1.2377193781877789	0.7457883325107428
0.9402785575128629	0.1274551949464031
0.9121278748590219	0.6543096802878332
1.9208999459376648	-0.4214991402189300
2.2252459940289153	-0.7606169096287336
1.7721432628595557	0.4881608389173069
1.9481865277606110	3.0499351777214843
2.4242494923306159	1.6917125692586434
0.5982816092826558	-1.1863379806549994
1.7398110289503361	1.3324263384279869
2.1090992952663417	0.3712563013440862
0.3021796644010448	-1.2729099537668083
3.1421028195038563	-0.4123187463866566
5.4059256742267303	-1.3526074695714163
1.4794017397222265	-1.4831815139261921
1.2582712214492879	0.5443948060539213
2.1260961589244713	-0.6293282976148488
-0.2247816735844092	-2.0895584339852213
1.8198774208391326	1.0105762646107335
1.5718949534915154	1.3138751122068988
0.4350888157996201	2.2487439663310496
0.2154686305607506	-1.5601632297556953
2.5568103927142132	0.9415205447339067
3.2862776351072776	-0.4800211079028631
1.1515522015134250	1.8056564057260946
1.3288408967309959	0.4472692534781566
1.0947493219227780	0.1675047870750109
