2.9295018678584599	1.1051793019074223
4.6179335308647547	1.3662908681024644
5.0643276755233009	0.5562604374232990
-2.1020012827071617	-7.9219074193081855
-0.2099899437226169	-5.8199076916737047
-1.2389297782076696	-6.0806382488166975
-1.9978635301345160	-5.6643118583288015
-1.5491243104570585	-3.6297223795171956
-2.7499347026743193	-5.5351099888504294
-0.6348725749832997	-2.9674117019369546
-0.5019035809799601	-2.6012377294264724
0.3277918338651772	-1.7759820344920920
0.9535137206383024	-2.2649251402635597
1.6088046733409551	-1.2894093654420169
2.0698284028830609	-0.1571477870071988
1.5538876264757246	0.4346629295473042
1.1178216953986284	0.2343738947637693
0.6099195948308227	-0.0213491589882730
0.5304143829927487	0.2303073422202233
0.5816545652628836	0.3655269628151683
0.3096647705819082	0.0789779128000553
0.4845340415117165	-0.5341646643240011
0.1341126170947674	0.0950379243929026
0.2423239873340625	-0.3100916445522842
0.1590133471558260	-0.0766754566811907
0.0830835775365695	-0.0021485481510844
-0.0091236280248519	-0.1911593606495854
0.0520884658062300	-0.1144561006105106
0.1171295510653846	-0.0592203676875063
0.0576987552353478	-0.0064942264440643
0.0851455258134075	-0.0521180111019374
-0.0041063856826136	-0.0458192180064806
0.0651565248017710	-0.0049967155155422
0.0379749540725542	0.0838554861681485
0.0898703211839817	0.0210825096640043
0.0880490807248053	0.0615015173557073
0.0427129938439760	0.0482524087157143
0.0733890138962115	-0.0022429069627642
0.1211323827424331	0.0832486286322423
0.0729025942071827	0.0292293664829615
0.0445156144629882	-0.0438639655697199
0.0361511677031764	-0.0362620713159556
0.0346831112910480	0.1063854974142810
0.0518564945889158	0.0108730754115563
0.0377000788201024	0.0856695748292459
0.0516800349800889	-0.0136142882709022
0.0128392782623856	0.0456159580742407
0.0722991601534432	0.0299173050382830
0.0229605576073133	0.0450527822340812
0.0216903963464584	0.0339032551013623
0.0709048459977915	-0.0337879870787395
0.0386937091992368	-0.0684807976855896
0.0925462666099363	-0.0980431375007230
0.1554512600352176	0.0448360645909097
0.2016256690351780	-0.1630961843408892
0.1553616336488345	0.1050883461385411
0.1529984064972524	-0.1861140580933376
0.2521102338377320	-0.0270052386486689
0.0950916602285057	0.1039957911089871
0.3861988210153318	-0.0299543976906629
0.3710849550359479	-0.2801396990660264
0.4089597194860812	0.5311214534157236
0.0303741458429593	-0.6098558931435733
1.1421905604070632	0.0122315923144072
0.0528332572364476	1.3450246979822820
0.3213717417060256	0.2282560759607381
0.4834440548222300	0.7861665354198052
0.7213895536865860	0.8119992954437444
1.5450262238201435	0.6923764146395942
0.1498317538924550	-1.5923017972922222
0.9701600206222704	-0.6425601075757871
1.8510347825453914	-0.8345531484048586
1.4401306661414590	0.8339914391870495
1.8337312406192177	-0.8478592625751693
1.0702379883731579	-1.0872282494343879
2.2521168763942248	-0.4728751907247392
0.5734990639819138	-0.6863862660482105
3.0590428302192834	1.1350764005708223
2.7477416253588625	0.2340541797893045
2.7088027034121085	-0.4791555992801096
-0.8570181177093076	-2.4741461835382732
0.5766313645193083	1.5650171316646988
1.8287505647046018	-1.4286698770807083
1.2834301924139573	2.2017750721472842
1.0049665543728585	-1.9484902697601443
1.6454174295762529	-1.2221104630454280
4.5365607542329087	-3.3957444260597112
0.6393300765674999	1.7116624991065201
0.9365156483573963	2.3204364999820650
2.0592271651876910	3.4792659514079021
2.0400594205536962	0.2539288594149305
3.3465747658982008	-0.8960280727143009
1.0730221699816256	0.8650920500527393
3.5395592783652092	0.6992377857178943
1.0484246152313013	0.4048768728215211
1.4373829541473970	0.2766372928612471
2.3270847155559768	-0.5362199719197269
6.0763642410759680	-0.9702817299733942
0.0736240481925001	0.7032624597041101
0.8798885176087183	0.3357956193415246
