3.7560371201863205	1.0402842030466521
4.7774958808520482	2.5247232115532459
10.1451008849378910	-4.5587309065224542
0.9260167783699840	-0.3899907138615482
0.6825495131077441	-2.7529828634125115
9.4338146469308999	-18.0829310798553740
-5.0151240308904228	-12.1266261832638520
-4.8693406018613299	-8.1401030502762843
4.1412252906787774	-19.2621534761084450
3.6647834206863479	-7.8147928650380409
1.3244677067953605	-10.4196599132011550
3.1085277597588088	-5.9736607647092992
0.5194258329269350	4.5131159269965089
16.8103552801474120	-13.2672944908917000
12.4261487071555320	-16.2785897280186090
25.1270503087989600	13.2951279744714040
16.4468501248161910	9.5364545362745954
17.4524244791684920	-6.0079372078494711
40.8954642953584720	3.8484657448526574
16.8730018391555560	-13.3910412125996090
7.2153513599054362	-1.4937343973833745
-0.4072133886274099	0.2706206237356781
-0.2594315314251400	0.2320225354497005
-0.2256677185560440	0.2103643406700421
-0.2159295881512708	0.1804432916393797
-0.2048738230614079	0.1552150725923230
-0.1979124901708916	0.1349939061024957
-0.1938865480085510	0.1161166434771723
-0.1904445776866128	0.1008310175633232
-0.1874246531179179	0.0882330501478795
-0.1841840652561309	0.0757861351214008
-0.1855864104498947	0.0716788334604696
-0.1785678525698394	0.0607519477074754
-0.1774397971650900	0.0528629043096085
-0.1766598486349669	0.0462894392696697
-0.1743099362630666	0.0411000190601557
-0.1731658636672840	0.0365960421932022
-0.1714610058695407	0.0323029714835728
-0.1702982108448662	0.0286661289450706
-0.1692405862558508	0.0255419748601084
-0.1684304755256837	0.0228266016761746
-0.1675568359429588	0.0204969624825724
-0.1667938447271272	0.0185747680010078
-0.1660580907934695	0.0165603587341636
-0.1656285070879774	0.0158052215962746
-0.1654840017300637	0.0151307281365610
-0.1658598463660484	0.0150078946177403
-0.1655651245611393	0.0142390571062747
-0.1647754387097700	0.0134091921554215
-0.1636816633701615	0.0126114395197583
-0.1626170143498890	0.0117807884857618
-0.1616363068792645	0.0110159797721468
-0.1607118514288390	0.0103512089287804
-0.1598392519431003	0.0097017675219539
-0.1590513597720752	0.0091117665191495
-0.1582594167391081	0.0086141092802439
-0.1575479057184591	0.0081367979428785
-0.1568762624154196	0.0077090803495638
-0.1562266475607380	0.0073317261834221
-0.1556019387723606	0.0069797899641498
-0.1550133914824640	0.0066596940976972
-0.1544063728084089	0.0063705042865281
-0.1539555941888152	0.0061420274626799
-0.1534323287663158	0.0059387464039026
-0.1528975356341313	0.0057829936343365
-0.1523734721798724	0.0055652706388404
-0.1516823103770594	0.0055855926238068
-0.1511900605539941	0.0052890688658394
-0.1508772136675437	0.0052033502392498
-0.1504395051870859	0.0050311654150368
-0.1499332650541616	0.0046598741317973
-0.1493478928778632	0.0051402908323662
-0.1476350134249877	0.0036658888437019
0.1203348812682377	-0.0908966676447912
0.1232147100089133	0.0841174864858496
-0.1465315227952753	0.0023185644615488
-0.1480345323064277	0.0050682614555521
-0.1464560719454776	0.0037922512462728
-0.1456473012230835	0.0058414964199197
-0.1469760802296513	0.0037893908123045
-0.1459723869809845	0.0029259197733682
-0.1458691175314775	0.0030098022599172
-0.1446689641616649	0.0043062800918642
-0.1443775344021404	0.0041916850560840
-0.1441200489353912	0.0043842807148769
-0.1435884783189727	0.0042637703659813
-0.1431972171570200	0.0042042825395914
-0.1425766661137324	0.0045369873915688
-0.1414153148061946	0.0050024815937278
-0.1415613421360170	0.0044266004518824
-0.1414026147914875	0.0050943443527859
-0.1411519704604105	0.0048474614211391
-0.1411849680016782	0.0052141628331097
-0.1400990394576676	0.0045641705669245
-0.1391220425534907	0.0051519072763298
-0.1393406710691865	0.0063137523555253
-0.1396286991132830	0.0057707369779253
-0.1383898185706724	0.0062904981867250
-0.1386752031969036	0.0050514872947582
-0.1363695348964918	0.0061390875655909
