0.3308308485540946	-0.0121614660524745
0.3319150543065645	-0.0194414025110273
0.3248187194584204	-0.0113602877458666
0.3243779673897118	-0.0112458467626136
0.3303311438445936	-0.0124751402592617
0.3292392733726932	-0.0119785116876534
0.3242470884666951	-0.0152039817177125
0.3216030956885869	-0.0141178181139404
0.3235429372406016	-0.0147223415818616
0.3218986607014171	-0.0101730744953099
0.3216959992150512	-0.0103184355193957
0.3174769357167093	-0.0110905264851394
0.3179331189807055	-0.0099070343560512
0.3186205633772216	-0.0110826260495015
0.3256253966929376	-0.0113793850550445
0.3166688937286106	-0.0189684148575933
0.3183301708136185	-0.0071371329449210
0.3126688498950354	-0.0175043050891424
0.3120951050167014	-0.0129534662122129
0.3135469927487803	-0.0049254037017728
0.3031902269750439	-0.0280499309296691
0.2645492386593695	0.0050943478991702
0.3049228424354272	-0.0083383112395636
0.2918282031512985	0.0043285907409697
0.3043180378481098	-0.0174519162796762
0.2955238281457625	-0.0052088660382582
0.3019600310404448	-0.0267340233524357
0.3114245502992977	-0.0154334379169832
0.3034847591489860	0.0162669145475195
0.2922085717194395	-0.0046992153054119
0.3084427064147517	-0.0159503874960019
0.3015072198631368	0.0018575552119414
0.2888544804735548	-0.0053778669247964
0.2922885568109430	-0.0123181721417358
0.2966767717430530	-0.0128015850968970
0.3001019137474784	-0.0097911847991251
0.2912218480418549	-0.0031593393121944
0.2961581039011566	-0.0007794751214133
0.2915613733710862	-0.0033592622031950
0.2898880897889510	-0.0032339546446838
0.2935080868542545	-0.0108429612916576
0.2945758380494010	-0.0008487121597543
0.2770005842762635	0.0025343005786658
0.2796505150128127	-0.0164186145361026
0.2621263910670321	0.0178828040228093
0.2959601004186403	0.0159835124879689
0.2871115683708348	0.0022617184913303
0.2795660110931397	0.0124287709073837
