9.8099131581185723	-1.2215099516151362
5.9164800342643140	-1.4319140877858911
3.5600272127875465	-1.1507545336199168
2.3983362795086172	0.5871023260690317
1.9349471551384647	0.2489287652039253
1.7048382969159883	0.1524713955977271
1.5531609605763856	0.0935100395633502
1.4554333636472645	0.0736818720124455
1.4155874581722590	0.0822847798280800
1.3626923033183120	0.0750527722311849
1.3589825909475501	0.0690979156882726
1.3314666164427298	0.0420913007433166
1.3253171551713969	0.0384898752923089
1.3193115016952173	0.0320552580995390
1.3097459375661202	0.0214246521791496
1.3020748988723752	0.0251369306421253
1.2912863465434929	0.0265050622944745
1.2900713509713602	0.0162807648446884
1.2834750498095355	0.0150081267187133
1.2822217775926115	0.0175218433350278
1.2854075205965798	0.0110276801113108
1.2874706833167475	0.0079579602128352
1.2855173676988894	0.0074929915062080
1.2817130681752069	0.0074942783757847
1.2814125961036908	0.0084215686721318
1.2799948277669533	0.0069187107828637
1.2807576048031029	0.0072831040611478
1.2804485786950000	0.0069535546047348
1.2802943293308044	0.0061192888811938
1.2805096942903449	0.0070895324063739
1.2806549800488691	0.0061397234437013
1.2811686174885497	0.0065022492010908
1.2822779079350355	0.0071139828417054
1.2828443697039706	0.0077011278477938
1.2834464089240341	0.0075084987068358
1.2844872829588483	0.0077158756102621
1.2860182824011475	0.0073564829039158
1.2866466274291659	0.0075341882560855
1.2875976472536390	0.0077811618986633
1.2883790899537237	0.0074822335914987
1.2891891602121037	0.0067023137482901
1.2893960651627026	0.0057546811857253
1.2898877843580612	0.0060946851628116
1.2904198169120635	0.0056422559495798
1.2910625230689674	0.0052369178645165
1.2916216551108266	0.0047308205420336
1.2923504136325825	0.0045798285976602
1.2927036155845988	0.0039048248089904
1.2928813038148368	0.0038128098128897
1.2932756577393012	0.0035711078709412
1.2934726907894134	0.0032126991521406
1.2938677083211587	0.0029681273784394
1.2937388931487985	0.0026842714196488
1.2940952125660863	0.0025025994993296
1.2941595087800761	0.0023559798694467
1.2944110417054600	0.0021401475118040
1.2945815018818392	0.0020872167265532
1.2944311439257574	0.0016009027722279
1.2948104554225897	0.0016676973666116
1.2947614906159164	0.0013751602224570
1.2949544087558342	0.0012995791272420
1.2949864494290679	0.0011181959542534
1.2950460129279948	0.0010916282140361
1.2952665887502937	0.0010076656691445
1.2953481594777791	0.0009401366569116
1.2954056819705686	0.0007606792736998
1.2950797763765642	0.0006872009937886
1.2952686542071947	0.0007240812880277
1.2954711229723734	0.0005605580331750
1.2952699957073066	0.0006720309504160
1.2952038603192806	0.0005177343275483
1.2953993579555068	0.0003633897122437
1.2954114543364743	0.0004723477131046
1.2952449054168340	0.0003280494042237
1.2950342341489620	0.0003055839242634
1.2950429819254516	0.0002839995633771
1.2952556927995484	0.0002099311587601
1.2950366023363509	0.0003632725399008
1.2952278911852944	0.0001355119233818
1.2952605790809777	0.0000882050565814
1.2950796516131737	0.0002256498889858
1.2952130616141719	0.0001577364873180
1.2950329876457041	0.0001449627556601
1.2949704128011805	0.0001116730687951
1.2951399214137405	0.0000409603930505
1.2951417893474078	0.0001328397149731
1.2951206825411545	0.0000370112465594
1.2950842643931240	0.0000886793669435
1.2950684707771760	0.0000898786197121
1.2951310350748042	0.0001175846879713
1.2952358332733915	0.0000717670488367
1.2952208063916388	0.0000949420166760
1.2954989605343534	0.0000672129994008
1.2955103205186540	0.0000740061437361
1.2956393859518003	-0.0000977373864739
1.2958231592621241	-0.0000359924730834
1.2958054708012576	0.0001639411624630
1.2957380553529838	0.0000946430011876
1.2955755629214658	0.0000280780374979
1.2953507068766608	-0.0000261583769458
