19.7746528553548090	4.9275057628944543
16.2784686934807540	-0.6973229369408139
11.2371257577979230	-5.7412156562972125
6.7832319310943463	-6.1537233866436143
6.2248526574436243	-5.8132543955343001
3.9441563237425652	-4.8644306144634841
3.3547303478486969	-4.5149734803834658
2.6875128322882942	-3.4800998775932213
1.7763463894748242	-3.2858036591571742
1.4458494175421630	-2.6736155432857411
1.1719771414276772	-2.4083241989878958
1.1243214385559674	-2.2830146190685383
0.8264228715350623	-1.7943469160017962
0.7381003244595047	-1.5492478343033387
0.6518863024342474	-1.3555716690650281
0.6250068730154220	-1.1441480990466149
0.5575814128876726	-1.0083685339078530
0.5223802682925059	-0.8779671967191499
0.4928077492242454	-0.7585656112204617
0.4684940005405114	-0.6590024603852291
0.4478545949788650	-0.5714762145874278
0.4295666778781284	-0.4955011328096076
0.4161505024157673	-0.4273649730403022
0.4067219105223656	-0.3678508089131154
0.3978148800264201	-0.3191538605511412
0.3910390514282219	-0.2758219416435657
0.3852154037642426	-0.2409375587757239
0.3788222342694196	-0.2097736883929763
0.3701586013604158	-0.1844292917792878
0.3660447393269074	-0.1584135484375945
0.3575732929873661	-0.1339449008118442
0.3507576854692255	-0.1041253247012341
0.3814356252388128	-0.1036651631186497
0.3658000584701679	-0.0945509540258591
0.3604567628860255	-0.0820186230515055
0.3550322096110609	-0.0710277248418394
0.3555574719736299	-0.0628477314581456
0.3530800246327021	-0.0561281501442831
0.3510049307858243	-0.0499078177448925
0.3490742591308562	-0.0443401499537696
0.3472183161212612	-0.0397036533934170
0.3455964266503183	-0.0356513513498594
0.3441061020935803	-0.0322195862488648
0.3426934638930974	-0.0293134236145976
0.3411769171639525	-0.0266963851594955
0.3397236004406494	-0.0247174562866549
0.3383191152638034	-0.0227844865076790
0.3374135671004763	-0.0217957433356924
0.3364026194110020	-0.0195182735390822
0.3358379301254215	-0.0185712775268240
0.3350899638916665	-0.0185302590782791
0.3320460461157681	-0.0205345903902081
0.3281646233935550	-0.0149356074434755
0.3279497459298859	-0.0137352512777236
0.3275512266745905	-0.0165189192687829
0.3281939267644942	-0.0119723105337882
0.3286532469168453	-0.0111557162175641
0.3193089302372527	-0.0150862927484016
0.3205076695815642	-0.0076483091507630
0.3167420917856937	-0.0144742771908027
0.3182546486901227	-0.0161628088835515
0.3157463376694482	-0.0195747293219652
0.3071529871017149	-0.0081727225911707
0.3128176508234194	-0.0012408896890417
0.3048855998293326	-0.0145479836616635
0.3058039866456399	-0.0062928295040027
0.3217027286576902	-0.0058935229079446
0.3208156541693346	-0.0135562524023594
0.3128755418730618	-0.0236719326654607
0.3125783149065603	0.0000517740346943
0.3156268155723018	-0.0089157693956999
0.3109277939092730	-0.0086572719694869
0.3256932612868242	0.0056883877019370
0.2664407960512164	-0.0196373926397156
0.3046812927600870	-0.0127138276709466
0.3215479817805048	0.0092466694136308
0.3010122372516771	-0.0173440565145036
0.3024946106569721	0.0011671761050809
0.2924004645783432	-0.0163508577048650
0.2931929172831825	-0.0102399415860368
0.2934294656100034	0.0109085873612652
0.3153377319416103	0.0080478631963852
0.3001956608878990	-0.0076605330594958
0.2998681460556193	-0.0087546806947612
0.3045634522914788	-0.0074992702845824
0.3038145091259275	0.0037087932394955
0.2898050972346591	-0.0068812889864274
0.2985379146343954	-0.0051721105672886
0.2961860145242370	-0.0085791364626654
0.2996465811296873	0.0016586914138466
0.2969108395957093	-0.0174218858013675
0.2812237689680434	-0.0026033982294909
0.2983100690326452	0.0099437000628340
0.3229612192687129	-0.0111431993926027
0.2932764926792664	-0.0379870940132369
0.2677199239750447	-0.0250065210040314
0.2607573582016690	-0.0031511218263681
0.2672161282003550	0.0129482545185583
0.2743955467431801	0.0210153021175437
0.2865060939036415	0.0345629054331214
