4.4636030832777225	3.9134230226555791
3.9684258855568637	1.6845519824835045
2.4780083508133708	0.2038151046984963
1.8123820852811843	-0.5526483405297248
1.0685028589104557	-0.5265152669290868
0.7844038511402570	-0.5220504436965007
0.5932406430496896	-0.4225278554498848
0.4852978118678620	-0.3314398167491566
0.3830196485088171	-0.2566014956910824
0.3639088670756954	-0.2030288937804289
0.3383486835673670	-0.1498151735626851
0.3107158767002572	-0.1049322156107921
0.3042858682390275	-0.0851909198207973
0.2940796844591297	-0.0655459981963040
0.2775994918718848	-0.0529853000256057
0.2828146535279271	-0.0472074354055128
0.2808748792714423	-0.0380021290274986
0.2783948629470979	-0.0242680922890496
0.2728649064320428	-0.0228137143498618
0.2782340538380665	-0.0170552278955402
0.2770887395631731	-0.0141719689961486
0.2774753540063102	-0.0165302603695828
0.2767719137207770	-0.0140588897588062
0.2756200612291787	-0.0126312107290210
0.2725159115413650	-0.0114631018675246
0.2726423555350397	-0.0105914778051937
0.2722575281471465	-0.0097451709169060
0.2717525816734129	-0.0089266502959289
0.2710654316858578	-0.0081384133747690
0.2704669311818410	-0.0073586344191910
0.2699090953267374	-0.0065648544013632
0.2695204970969221	-0.0057446317822568
0.2691487780022673	-0.0049672146717907
0.2688569903083271	-0.0042645638922265
0.2686341144317738	-0.0036347795729216
0.2685604591033292	-0.0029880463888530
0.2685338514060510	-0.0025418422640580
0.2683658815873849	-0.0021299979035300
0.2683890936428983	-0.0017458285799770
0.2683592886086773	-0.0014064903502262
0.2683553569228861	-0.0011435775137107
0.2683797488571063	-0.0009850544500380
0.2684327661807317	-0.0008417437582681
0.2684346766556082	-0.0006775641171810
0.2684707729305491	-0.0005536736978569
0.2684777921829157	-0.0004732959629698
0.2684981427683480	-0.0003320864587580
0.2684851852359091	-0.0003248323295563
0.2684857681461166	-0.0002662440798000
0.2684961787965561	-0.0002410701912494
0.2684781765157232	-0.0001895341869362
0.2685161699265541	-0.0001363161657099
0.2685269684882226	-0.0001359119292041
0.2685634126906275	-0.0001024596056903
0.2685427524104654	-0.0000894917681365
0.2685560007936775	-0.0000715265086970
0.2685856161433921	-0.0000881744854041
0.2685918581123356	-0.0000933007306460
0.2685590828498370	-0.0000574856633920
0.2685318713669447	-0.0000804775004796
0.2685492265642545	-0.0000970699150811
0.2685558250402678	-0.0000880370606285
0.2685231879469643	-0.0001054280628108
0.2684961913139299	-0.0000949371963485
0.2684638335916046	-0.0000791175558299
0.2685164307359708	-0.0000548212282166
0.2685008809906050	-0.0000584174422479
0.2684841318114749	-0.0000365930449718
0.2685125579587761	-0.0000487564034050
0.2684827301948708	-0.0000267112046194
0.2684793232433965	-0.0000287182936392
0.2684792652978887	-0.0000600257896977
0.2684673767923524	-0.0000328838979793
0.2685022887072649	-0.0000364154620278
0.2684826645790228	-0.0000326969466813
0.2684612547184260	-0.0000015137453624
0.2684578316146939	-0.0000381879925759
0.2684675222864671	-0.0000091859975025
0.2684796334710484	-0.0000173884620423
0.2684628175659516	-0.0000225863030822
0.2684586150277324	-0.0000083463192830
0.2685025941978447	-0.0000082564628293
0.2684448373400171	-0.0000237376294176
0.2684703680232898	0.0000075593845873
0.2684866486740027	-0.0000333359468386
0.2684549641072436	-0.0000156171339987
0.2685006156096065	-0.0000381768676880
0.2684887934242932	0.0000218667449573
0.2684661335428252	-0.0000080553209700
0.2684584899409090	-0.0000064309526582
0.2684981322800199	0.0000125469311555
0.2684554911344385	-0.0000198798808302
0.2684700834159369	0.0000014681895939
0.2684645020385134	0.0000016513788450
0.2684514869872671	-0.0000111110620889
0.2684502330606111	0.0000033665860519
0.2684484935242414	-0.0000046082244231
0.2684279697451677	-0.0000102493126982
0.2684339897367740	0.0000004559974083
0.2684121894294730	-0.0000122101402927
