9.7466144822867857	-3.5198116984931413
5.4020624937570165	-2.5391699582901595
3.1099175063447322	-1.5897454620992619
2.0490537527700514	0.2447912720689006
1.4284971764341892	0.0722064663360921
1.1639664434091599	0.1039123380174284
1.0354579903967860	0.1502013310044486
0.9895012565160666	0.1848930699548919
0.9539390350887923	0.1983522426867338
0.9427939120719765	0.1989495417786053
0.9399030941699215	0.1852639321437336
0.9410583423460066	0.1647971686603552
0.9436769291456536	0.1382667730814685
0.9398907542721299	0.1177681508933572
0.9370290051534210	0.1022899798018346
0.9313637784826176	0.0882840005900069
0.9270516786935317	0.0750922711108851
0.9237928889587063	0.0638898699928833
0.9212720407527492	0.0539979387973115
0.9190367667837006	0.0464292809451777
0.9177666595931833	0.0399962506922705
0.9180289617081359	0.0350104688339358
0.9174827154693169	0.0306843109395133
0.9172735150891875	0.0273439743245757
0.9169946996694443	0.0238285717342354
0.9173595776052649	0.0221235608143337
0.9181048168484259	0.0197050400970811
0.9186872657164669	0.0172931236320762
0.9189492280017738	0.0153107430444985
0.9193172956740343	0.0131963178696350
0.9200187747694835	0.0116551636792879
0.9200362647095614	0.0101510339805160
0.9204243254710259	0.0090167651152765
0.9206095651894911	0.0077568761120414
0.9208516502745744	0.0069612305358636
0.9209964580848239	0.0060668443033907
0.9211594156227319	0.0053828369688764
0.9211924938348922	0.0045076224564931
0.9211247439279697	0.0040347382493598
0.9211539581577075	0.0033576855289442
0.9210983666892229	0.0031200871170094
0.9210409183414045	0.0025809089328372
0.9208368114771608	0.0020482013599655
0.9208879471614531	0.0017828477393650
0.9208457899067956	0.0015412854970794
0.9207940752695597	0.0013387250334040
0.9203919914351725	0.0012244791831166
0.9203327519897053	0.0009650999314694
0.9198661420148836	0.0008075990785333
0.9194516677718649	0.0006497459840301
0.9191770296114282	0.0005369422864784
0.9188847572548795	0.0004694073570985
0.9182801651089204	0.0004397092160394
0.9178879582907393	0.0002411414718893
0.9173873935067081	0.0002226701072995
0.9170116492829579	0.0002539855483070
0.9170867997033442	0.0001294466192204
0.9170888803338387	0.0002647864026232
0.9167780178170009	0.0001052529927430
0.9168396301193386	0.0001432977262082
0.9167550615391342	0.0000169174312055
0.9165833171567170	0.0001561618759299
0.9165817118479225	0.0000854507409445
0.9164425237381412	0.0000381495685915
0.9165057098989514	0.0000801939107137
0.9163715751061392	0.0000958017917570
0.9163083991688282	0.0000046969968542
0.9161046751500876	0.0001155866680759
0.9162742770379102	0.0000696549599315
0.9162893029350812	0.0000151065410376
0.9164496742278205	0.0000174006849536
0.9165121251806399	0.0000187429937418
0.9163944481725618	0.0000171511101988
0.9164492482578153	-0.0000382590892697
0.9163421302909809	0.0000054509014812
0.9165834987006816	-0.0000221917788906
0.9167058223260458	-0.0000252217856489
0.9167860447987860	0.0000894752470232
0.9167017021912136	-0.0000321172033374
0.9168158329183646	0.0000939591375129
0.9168565885135108	0.0000510994708632
0.9171466496439524	0.0000522171575800
0.9172699386448390	-0.0000323694746694
0.9172388315871440	-0.0000151003194380
0.9170438142958355	0.0000336924648655
0.9167704052602297	0.0000548145368569
0.9164332224554042	-0.0002032219113536
0.9164739003147350	-0.0000267449354504
0.9164044410333616	-0.0000161981449643
0.9161328323313491	-0.0000655269231400
0.9160183850000371	0.0000175044243257
0.9159862279277774	0.0000330496349852
0.9155478927514792	-0.0000126604526152
0.9153236723409641	-0.0000103004668018
0.9152403805654427	-0.0000176095727156
0.9153147826316543	-0.0000525002134681
0.9148689859539219	0.0000694117962493
0.9145540687305007	0.0000014391084441
0.9140879512751408	-0.0000173040779775
0.9136021467501946	-0.0000142454054265
