16.2534579062394650	3.7379737958906771
11.8894935463561030	-8.2239354970243781
11.8391321816478750	-4.7659662287339479
10.0056152657497390	-4.2363886790506742
5.6215383893244022	-5.8413085056591614
4.5403807293319858	-4.8877478151605658
3.1849915952451693	-4.5115009206623808
2.6913836483132436	-3.5210163313097422
1.8343702746446959	-3.2131367969659839
1.3956419579324291	-2.8106597760670895
1.1481422767488225	-2.3844019832545613
0.6968778842496083	-2.3732779282583030
0.8142497781025120	-1.8134286985595607
0.7377992260233237	-1.5685571745440006
0.6484719215153110	-1.3525452408589140
0.5916663348877883	-1.1995193676617404
0.5544565350406457	-1.0053984288486479
0.5209697957352230	-0.8776405383156130
0.4893635970212625	-0.7605439776839075
0.4618535756573695	-0.6589314247002555
0.4419789333950833	-0.5716658030692398
0.4238655757432119	-0.4955576925313749
0.4116600831658717	-0.4272248936916113
0.3996498533142833	-0.3670199026457342
0.3918002118414214	-0.3195072260326260
0.3853562958364936	-0.2762805819248566
0.3791617836441126	-0.2410977705498303
0.3724805967389028	-0.2101329699285270
0.3663632466959674	-0.1820083777121938
0.3598275416171122	-0.1582601393874856
0.3511695612950635	-0.1339067515374878
0.3445316141733233	-0.1043538050136704
0.3749709121809106	-0.1040132966817964
0.3593577728675164	-0.0948162852907034
0.3534450483799101	-0.0829804248170795
0.3485768977622640	-0.0712976249384318
0.3491679756803157	-0.0633911619358158
0.3467443243508786	-0.0562988664624834
0.3445464447730490	-0.0502221836447721
0.3426646203028494	-0.0449049036276138
0.3408236962489002	-0.0401534907444102
0.3392532223454280	-0.0358708067038460
0.3370682946354275	-0.0322839207722393
0.3358000647665805	-0.0281008998585627
0.3345663108035589	-0.0287050101885589
0.3339994649694111	-0.0230010116869689
0.3340175623244077	-0.0221577738107950
0.3321918846829232	-0.0217627954028739
0.3289874062598106	-0.0201333806218450
0.3281505625257986	-0.0193799450415982
0.3266946151796927	-0.0185900601370267
0.3248197869415205	-0.0174498129501625
0.3227945092516986	-0.0178659476266927
0.3180953898271698	-0.0137731194300860
0.3201825189037867	-0.0149175397278166
0.3227001184500227	-0.0123765494979301
0.3166856836558707	-0.0098720845432572
0.3209234908140445	-0.0136119048866361
0.3125745664969685	-0.0137508355346415
0.3119628876303183	-0.0121462801613542
0.3113861301034727	-0.0196328013705170
0.3124439280015486	-0.0200702151297768
0.3080953883259339	-0.0055981052890059
0.3026903630661265	-0.0134915152821478
0.3162697193293266	-0.0153921418099032
0.3095465692424987	-0.0183714951813643
0.3032489991777800	-0.0052786485971318
0.3129290416613861	-0.0105360153485833
0.2997723269183026	-0.0053534385653994
0.3059348528797366	-0.0113592994573866
0.2975227226769875	-0.0098364188863210
0.3037499251712807	-0.0154960603930264
0.2874006134870499	-0.0258536507680888
0.2232067247411660	-0.0234634801673067
0.2732733272336687	-0.0209823976509993
0.3006283844121486	-0.0434860149199683
0.2853939407210403	0.0138528783937890
0.3079639682548639	-0.0045684385142999
0.3207593145757274	-0.0000012580132204
0.2932776382129706	0.0074238203001519
0.2722159287056821	-0.0033706600469288
0.2721654666164829	-0.0197687644198730
0.2976718186123286	0.0028059558243568
0.2768010357402582	-0.0254130475496053
0.2932409766097179	0.0092194267565239
0.3019069937382216	-0.0205384625336064
0.2707183629189431	-0.0187998717093391
0.2735878713318882	0.0076133923249153
0.3125221765926625	0.0049445070803098
0.2917770921720060	-0.0140851995488072
0.2777180440351520	-0.0271189504101094
0.2698469190478698	-0.0087100412767393
0.2650561283557129	0.0002369818969821
0.2639246079449222	0.0059716505566561
0.2774663979788470	0.0104537661099875
0.2877326432636196	0.0172013846874619
0.2936424031598122	0.0179186035319553
0.2940450005308565	0.0145335180661396
0.2993735898793631	0.0095851830871466
0.2716233518860864	0.0172164186466385
