20.5467063895156310	3.1187741054833311
18.3458564251825360	-0.9973966764565931
12.0179082323125090	-5.0513392346285668
10.7704104549006270	-5.7161990024559985
5.4096748492589413	-5.6587286829056662
4.3456184651538852	-5.1317895618400300
3.2857245824173908	-4.2624614362246165
2.4295893617673832	-3.6239264890900094
1.8383007287880251	-3.1701009596717937
1.4756421656541474	-2.8227500110253221
1.1925650829731160	-2.4006138586759200
1.2258284879235364	-1.9941537900288844
0.8305585943344402	-1.8321931905342743
0.7428201933184792	-1.5644778580356882
0.6687956315709610	-1.3586369113658441
0.6103808623853267	-1.1665663481045390
0.5658638956578407	-1.0179463035999019
0.5303166064766158	-0.8830745298274960
0.4969860100643592	-0.7675544011016493
0.4718969667875767	-0.6654037674464760
0.4500181056515195	-0.5778074344910016
0.4311691350487399	-0.5001491161944104
0.4170989187466717	-0.4321287920626522
0.4058960738860951	-0.3721168427553198
0.3974478574769836	-0.3236412381280526
0.3904846104154452	-0.2812284645398930
0.3835083938542725	-0.2451921847504963
0.3765923290566258	-0.2140115544545521
0.3698912806238601	-0.1872988671450258
0.3628523130231948	-0.1615124686348430
0.3532611726673457	-0.1364255625788056
0.3477954422112556	-0.1062030662103550
0.3767667037727848	-0.1075535962063030
0.3612873443506652	-0.0973533568964032
0.3552392936803354	-0.0856317255961706
0.3507254384551705	-0.0732218080199183
0.3504648523778731	-0.0653859432604621
0.3476687799297243	-0.0581763414363593
0.3454822079365726	-0.0517423400296261
0.3433088599789169	-0.0462457706498596
0.3415188025948323	-0.0413608484426494
0.3394812840112789	-0.0372461803724737
0.3382163770122692	-0.0336899522669069
0.3365422841319139	-0.0303693685185511
0.3352919065611166	-0.0272843783873941
0.3338011957371262	-0.0253967331811675
0.3326940990870124	-0.0236647845076545
0.3315421223917254	-0.0224863406613754
0.3297999744820573	-0.0200977852313707
0.3305407793569688	-0.0203524624032790
0.3253768644424801	-0.0168230504155477
0.3296719486206107	-0.0184412606148230
0.3193793528474708	-0.0156641325421793
0.3198177550207395	-0.0198966866273707
0.3172948373063684	-0.0124438366871830
0.3247652211763301	-0.0137331968343437
0.3192607214428227	-0.0173218078477678
0.3222926177872859	-0.0149707710603139
0.3207575622597735	-0.0142033525384302
0.3139818335304380	-0.0117165071704390
0.3174586724693971	-0.0104108917670552
0.3171058406434855	-0.0123724584978067
0.3123355402120538	-0.0095974732885788
0.3138749949477811	-0.0133588874254367
0.3134979870323059	-0.0115546693100448
0.3109505806587601	-0.0117850273254477
0.3101718133748982	-0.0102496804210576
0.3094821684768662	-0.0126219827398588
0.3003384929671604	-0.0036961881212594
0.3115347425281192	-0.0063183077854670
0.3089091218426983	-0.0066243727041023
0.2999024148872439	-0.0093568976672935
0.2928088402871363	-0.0138805215604838
0.2668471533031633	0.0549579743841400
0.3023922157122491	-0.0049931518072018
0.2837445200668682	-0.0072701743899392
0.2959037576271044	-0.0071262485232754
0.2866059678222041	-0.0091906953171750
0.3053310036838649	-0.0194456697724229
0.2910272294527342	-0.0156277007586729
0.2843356596699560	0.0041612423465873
0.2930168574139446	0.0045623539490299
0.2921329269473860	-0.0099654173980748
0.2820495822712472	-0.0025584251579026
0.2911565499715800	-0.0023504818958912
0.2882464981883577	-0.0024031038913738
0.2825008612454258	-0.0059349419342433
0.2892033995144401	-0.0080343317611597
0.2932481786434594	0.0000779980937453
0.2855925326567560	-0.0108682479280181
0.2860650173580218	-0.0004551035085890
0.2876042491179621	-0.0098798165578171
0.2784529967802252	-0.0051473387359118
0.2822703047317869	0.0013294309860524
0.2869136755992546	-0.0031757390185706
0.2855698798602644	-0.0048624026851278
0.2778535710475077	-0.0055592912549618
0.2791902940680694	0.0007854190904666
0.2801189758112389	0.0025572505570563
0.2761824679221054	-0.0063223904836482
