7.0136964254521752	-5.4432923281084769
3.5834739217139115	-3.5572554492333581
2.6310124111892401	-0.4625119408514031
1.8658415467946901	-0.7050066159975689
1.2914938200500323	-0.6068710897712945
1.1062480613792567	-0.4446110743564753
0.9944857031811902	-0.3230139088731765
0.9383398393243987	-0.2231344744043721
0.9184276867622593	-0.1541433491782356
0.9110333999570703	-0.1052141356912144
0.9133191079269871	-0.0716300771619924
0.9167953086816724	-0.0539023714944247
0.9142197305381470	-0.0474320026849004
0.9166339885501390	-0.0346576853156682
0.9109821731476568	-0.0226954832208138
0.9101827492411047	-0.0181094554928815
0.9095844801260736	-0.0129671506593886
0.9120106658517118	-0.0092790619515897
0.9107134509617336	-0.0070528707963330
0.9118316782796839	-0.0045303836116238
0.9132733583228129	-0.0055828648296866
0.9140720943252845	-0.0055376563468626
0.9129704210512847	-0.0040330374626946
0.9158375164157994	-0.0076459876097035
0.9157329311667222	-0.0045388088336638
0.9145608570024890	-0.0056130139678023
0.9135700633493193	-0.0054700396275537
0.9119161974553750	-0.0014623637465116
0.9085610103169843	-0.0034619158571354
0.9109064268964121	-0.0042747048213848
0.9084664487984581	-0.0012397177056939
0.9109892171442526	-0.0023726786030000
0.9105471808859722	-0.0002977625059168
0.9101366314756207	0.0004514007751668
0.9090105359784353	0.0007173599939515
0.9091506817208586	0.0003163321738401
0.9099934196717310	0.0004299049472622
0.9095907180985640	0.0015070513027558
0.9111614919928608	0.0014127679594123
0.9103203551471663	0.0020191830705448
0.9109156442628552	0.0016327770497846
0.9111599445169933	0.0021982304783124
0.9113521594447310	0.0022724786350842
0.9116507693269048	0.0024713080472560
0.9120808968989614	0.0022646896640571
0.9124905882696941	0.0024338107058204
0.9130035343914214	0.0024251886891509
0.9130984324707983	0.0025433783444628
0.9134073699432748	0.0024769786971283
0.9135050185452599	0.0023399893306884
0.9139511772323268	0.0024070787809469
0.9143609256076145	0.0022853922879096
0.9143697787801890	0.0021734162532349
0.9144813428068135	0.0019768538587063
0.9146479916980872	0.0020476258797642
0.9148811883922143	0.0015141599403644
0.9149321127914170	0.0016068191524323
0.9148207247382589	0.0014507394733565
0.9150197287674141	0.0013213818238816
0.9151856350928547	0.0011491095176649
0.9150914318958238	0.0009879834237861
0.9151437073040070	0.0008119950531681
0.9152455386658442	0.0007213653815510
0.9151026735945778	0.0006496440340267
0.9151415008040407	0.0006719143983168
0.9151362042476230	0.0006050393696461
0.9152270970297514	0.0005264800525483
0.9151166352665381	0.0005666702173008
0.9152752303492301	0.0003342455320737
0.9151605847118578	0.0003587065441855
0.9150821700702500	0.0004302309469108
0.9151052661780499	0.0002741898877523
0.9151491369277530	0.0002359409187480
0.9151364887981459	0.0002210438105624
0.9152382841906066	0.0001888074370865
0.9150672642816939	0.0003064327955540
0.9150667618519188	0.0001193657014135
0.9149604313453235	0.0002917343199564
0.9149815927871849	0.0002803332586458
0.9149211098134601	-0.0000492880994213
0.9148429212440491	0.0001639949267874
0.9150086184706564	0.0000863594103761
0.9148342242283474	0.0000649432949296
0.9149019295368334	0.0001720388012892
0.9147970609844944	0.0000139450657711
0.9146902611386348	0.0001462875123395
0.9147595925242447	0.0002471078567296
0.9144918000212894	0.0000725173891999
0.9146129499406683	-0.0000104887172875
0.9145272271713760	0.0000882191010399
0.9145790578896015	0.0001184462198704
0.9145541474152266	0.0000533560310115
0.9148183585237238	0.0000462774314884
0.9150626442485543	0.0000718645272694
0.9155911362766779	-0.0000677147766492
0.9158370913594873	0.0000365303878924
0.9160317059384062	-0.0000193173865415
0.9164717605875223	0.0000580073194923
0.9161935416569017	0.0000310181354898
0.9150950936433662	-0.0000106469758489
