11.4899247422736830	4.2704547471959700
7.9783648572415258	1.6657177068955307
5.1222569159011835	0.5715343319951863
3.6991132128538404	0.1167555731919422
2.4316858331513935	1.2134966099195177
2.2028963852861416	0.7900226603420032
2.0099402867313794	0.5382896152820832
1.8757169321916953	0.3985588874157823
1.7907888267715284	0.3037686939377721
1.7278720876140539	0.2337929761131194
1.6749056169716652	0.1854067869617121
1.6481001084135445	0.1397447035736901
1.6196967537001956	0.0990685002738871
1.5953128886728489	0.0755609439048764
1.5685528469285417	0.0650338369619698
1.5518774859189457	0.0568834370898975
1.5396303053899494	0.0461202340971995
1.5311663763233863	0.0385564234844764
1.5256875230771290	0.0332366376017338
1.5224970294493394	0.0280304945201177
1.5230923499586100	0.0250997418141800
1.5129904754739743	0.0181464825544269
1.5113021656566235	0.0163187530618622
1.5093354486249562	0.0134804023595057
1.5137668713632648	0.0103269551824266
1.5062720425511922	0.0065685490778727
1.5056609140397665	0.0055124073295836
1.5093024062792573	0.0063586969629264
1.5063556790275978	0.0033452087207699
1.5050450488713245	0.0027424569921592
1.5043083100387551	0.0041636020776377
1.5060105762552740	0.0028574521739259
1.5044511619602010	0.0024617446601278
1.5041641584445400	0.0028898052408052
1.5050948294955699	0.0031633813636964
1.5048606909131366	0.0028714371983381
1.5062465591645431	0.0027813657575771
1.5047252127753539	0.0028118938112967
1.5064351728119145	0.0018341715960563
1.5058738700407592	0.0017784649731176
1.5061772572142751	0.0023097095726637
1.5062456928807839	0.0014832973142343
1.5063583302786359	0.0016385223373201
1.5057706341013759	0.0014589018715343
1.5060472093982362	0.0014234198591403
1.5058293279692778	0.0006326430587015
1.5059061391792461	0.0007491915284550
1.5058341878521206	0.0007657513847158
1.5058079970321072	0.0008437874296544
1.5058277915758687	0.0005801540665350
1.5059033881475372	0.0005764863490437
1.5059485991607555	0.0007053372814987
1.5057634097481911	0.0008331358175289
1.5059458218211645	0.0006774919401352
1.5057486941299012	0.0007213178245590
1.5058048305055276	0.0005765725471976
1.5059279260798399	0.0006619643953297
1.5060616753300320	0.0008159937837285
1.5060115327399830	0.0008797267972351
1.5059685171091111	0.0008195382085197
1.5060398588459443	0.0005436289060912
1.5061116669045842	0.0006555703874353
1.5061429036655827	0.0007318799281697
1.5062373940461760	0.0006789025103754
1.5061460513719156	0.0006606327516913
1.5062844367878423	0.0008360459402210
1.5061581710302929	0.0007368159495940
1.5064123962322209	0.0006192221484405
1.5065485682784903	0.0005348327489144
1.5063382133907948	0.0003534017134599
1.5064050369293682	0.0004294236647652
1.5064797180512663	0.0001873040892138
1.5063884678100266	0.0002469433182121
1.5064556648420313	0.0002206362514782
1.5063112742815907	0.0002841097411140
1.5063206720459827	0.0002256893166042
1.5063512153270484	0.0001214977853016
1.5064216212959451	0.0000676745150891
1.5062994020283020	0.0003465692219041
1.5061313538793206	0.0000533506366788
1.5063326999629700	0.0001644312781811
1.5064155550528811	0.0000438172147113
1.5062193265751229	-0.0000109955200755
1.5063458210859155	0.0001411199148406
1.5063523537249659	0.0001488645337288
1.5063062437098316	0.0000484872297856
1.5067252165020080	-0.0002069890900245
1.5063473670234984	0.0001265972892720
1.5061277196887088	0.0000661284654189
1.5062453167497314	0.0001039284266534
1.5062935588981601	0.0001746800446691
1.5060963475700377	0.0001070859204907
1.5062112624579360	0.0000188891243254
1.5061255617479878	0.0000685858705720
1.5060913004658687	0.0000366261825159
1.5060582387613868	0.0000211313977254
1.5058293626196169	0.0000083255649048
1.5058271867380504	0.0000010052482173
1.5057560517205064	0.0000454494244702
1.5056981178521556	-0.0000616738617081
