0.3653709549706200	-0.0262706180407833
0.3632273485288447	-0.0251561290160192
0.3614721343160370	-0.0255040645867065
0.3628026959746581	-0.0225125925484699
0.3606985893593958	-0.0238058867500577
0.3594515757179317	-0.0244377024201636
0.3584300540376382	-0.0226268278320953
0.3576260094423654	-0.0231649830480592
0.3563855805186952	-0.0239751558507217
0.3544432854533137	-0.0238080789634741
0.3554411433993184	-0.0226270789749554
0.3553458655335581	-0.0237733447600506
0.3527251560591492	-0.0230269868693500
0.3536982426756392	-0.0221396315001391
0.3521100017555551	-0.0207392864277845
0.3499696930813135	-0.0211990443622258
0.3512793331167490	-0.0205776614869218
0.3456115487037935	-0.0189048713067617
0.3600641635276337	-0.0123700066630255
0.2642806022869162	-0.0645699391685253
0.3361668097076415	-0.0250175315864859
0.3675466984380644	-0.0131778911488463
0.3405450347790319	-0.0218105968766474
0.3463112285593948	-0.0187312861190123
0.3300689283087134	-0.0016546477477884
0.3416344383024907	-0.0162385570824635
0.3440602519699882	-0.0251815515916807
0.3408338642289742	-0.0268454879533796
0.3344773196474018	-0.0181825259293881
0.3370937202933648	-0.0135700159159918
0.3357543982094033	-0.0108853227055286
0.3318755317941473	-0.0133093101034467
0.3372453735154813	-0.0149435266435767
0.3301828936072381	-0.0146701320718376
0.3232879839155798	-0.0203837322182286
0.3299771214050860	-0.0132461764401614
0.3244765954487895	-0.0138571150591986
0.3242179101583132	-0.0096057188637937
0.3331933497514369	-0.0075895608396911
0.3308680976792817	-0.0201027471440540
0.3225678783369198	-0.0089054737031735
0.3354317140257524	-0.0280684469042287
0.3235829400104053	-0.0119212078867117
0.3138757054261518	-0.0122608546330567
0.3414064054600702	-0.0296499852466023
0.2907956570118965	0.0088808817528590
