26.3128618167169780	-15.5647732377036620
11.6680164254044670	-17.5943946041029130
7.2497624023741647	-12.0576198672409130
4.7663438796471551	-10.4031119293771310
4.3580419152539154	-7.4178297632780517
4.3259253863637985	-4.8878247635545460
3.1863559081458654	-4.2374890399687395
2.4032259575218307	-3.8248765883066453
1.7650840535130210	-3.2462689654600307
1.4785565373393499	-2.7578904453573672
1.2082538310718030	-2.4797495905734430
0.7815522335334355	-2.1239488984620456
0.8221849480515004	-1.8321798280588786
0.7062279867561587	-1.5738033872510842
0.6743234981746251	-1.3525342525518873
0.5975543175855603	-1.1643303955245421
0.5730386852485176	-1.0148418973827105
0.5309882643769577	-0.8943814104538808
0.5000305655680564	-0.7627993684971105
0.4731738954832347	-0.6751990322306283
0.4376235774910038	-0.5793864977623996
0.4200262508529138	-0.5000271877233737
0.4119699055437151	-0.4415874518262690
0.4051085863836774	-0.3778240413366641
0.3887139571297054	-0.3175677137777733
0.3891408073137708	-0.2752579700627971
0.3861138051612751	-0.2493382867140276
0.3661984803208034	-0.2074595937236280
0.3599709142468723	-0.1949342657326023
0.3592362899115884	-0.1713215839417186
0.3496807119048520	-0.1307247982238047
0.3477558571713350	-0.1023484152686059
0.3714532475984872	-0.1183376511497797
0.3509341369709841	-0.0897608412886481
0.3575217368952882	-0.0934069641488779
0.3439402537160314	-0.0651760640478942
0.3540888178058115	-0.0700783658551565
0.3508939797861964	-0.0560318898993417
0.3485412083824556	-0.0507005054841110
0.3389990893323111	-0.0562842786410775
0.3264480015630752	-0.0412382464753297
0.3403487335767487	-0.0356338174237579
0.3292498625901373	-0.0273505278451987
0.3291640581649004	-0.0236539607656494
0.3283177335973026	-0.0206092639300224
0.3202409154408937	-0.0310922318612891
0.3243602038696257	-0.0160970566811848
0.3176006520591404	-0.0273391891139038
0.3197898727497227	-0.0158773548119646
0.3256806561678500	-0.0148708697312285
0.3167075792672761	-0.0171131283010111
0.3222465624149786	-0.0210125128197153
0.3149890767834943	-0.0187785108836402
0.3123754024065570	-0.0193575415452261
0.3159031079973527	-0.0153524729503520
0.3148470457435167	-0.0124813608652956
0.3137283225589354	-0.0150581586144945
0.3114414824869918	-0.0130896242967773
0.3099637025099753	-0.0133565655602488
0.3094639404120877	-0.0130069159758722
0.3085242345882196	-0.0129606294496523
0.3073719471307549	-0.0122241969821377
0.3059307630507239	-0.0122300642405132
0.3041812397832854	-0.0125381653572075
0.3039175064774444	-0.0112003236956405
0.3026143529853362	-0.0118046343932981
0.3028893788714535	-0.0117530794516236
0.3002018529462008	-0.0125685047960897
0.2994083848756957	-0.0111672053645440
0.2979361696516087	-0.0106463103293842
0.2988444564790153	-0.0096930908510642
0.2962012867337601	-0.0114429167363033
0.2779267675895735	-0.0082049740987618
0.2471190652505802	0.0013032483446027
0.2934430693317616	0.0013994767013053
0.2737036784360941	-0.0012605435395463
0.2868908549334951	-0.0115667605769884
0.2808703009295610	-0.0091988710495300
0.2941849134700289	-0.0232450850869483
0.2824243624361009	-0.0091940829924583
0.2763689546510257	-0.0024288114163154
0.2800795899731465	0.0017000636582952
0.2846252502606214	-0.0086631968127769
0.2846844111668382	-0.0068330999355869
0.2847547482361644	-0.0068856635111876
0.2786945054396839	-0.0082374188664570
0.2803216904355697	-0.0070162513958160
0.2729086615612208	-0.0075008966984504
0.2863795120671558	-0.0117101949127662
0.2804905914715555	-0.0124556179445489
0.2822138115055114	-0.0030611577970521
0.2768504696535385	-0.0043615280874581
0.2891604191250829	-0.0012777234839600
0.2750327406518447	-0.0006971597097821
0.2775629106137334	-0.0069275540441872
0.2780372818287762	-0.0052809577115751
0.2714106654290319	-0.0019254070739508
0.2699318078147078	-0.0130515637132355
0.2837349173358751	0.0034636106709086
0.2717649372699437	0.0038993715156532
