22.2836139742486030	2.6814273105346884
12.9968493569095910	-3.0086602974562235
10.6828358913928730	-4.7070559335224784
6.2617864259397233	-4.4554245907363708
5.6306799442776514	-5.9100695370984848
4.4906046055615620	-5.0759016828382109
3.5224078817948201	-3.9256616106842142
2.5957474716783540	-4.0133069181632832
1.8402402367753832	-3.2768976424914591
1.4772243173983224	-2.8385546230027363
1.1674319445339405	-2.4028242431130558
1.0431597974767715	-1.9351778248370579
0.7740658515027035	-1.8625396336981566
0.7548508418094494	-1.5664004248245378
0.6044790094964965	-1.3634378585144100
0.5979277361536700	-1.2170013537000230
0.5130920753643093	-1.0077286546247617
0.5220826552003036	-0.8460826396053455
0.4942857725630578	-0.7879754271325783
0.4313805355616129	-0.6744923204702762
0.4578193691883042	-0.5713472918190909
0.4363409325253297	-0.4865849457787437
0.4288166878304432	-0.4167005574974795
0.4132914226477914	-0.3678557433632123
0.3696905591393452	-0.3067725947516700
0.3607099357064342	-0.2707743694319549
0.3734833930560943	-0.2574790722500028
0.3489694065199948	-0.2108264445561322
0.3690841557420736	-0.1774743533639075
0.3501263394680454	-0.1716925507729312
0.3346643897231916	-0.1438027728142134
0.3325478032427215	-0.1151457703573353
0.3599231800241425	-0.1181225369819596
0.3602210466465276	-0.1008837237910600
0.3501789437626585	-0.0754580952566681
0.3295114216963055	-0.0754926488124860
0.3413045676975942	-0.0742540569758951
0.3359539335454648	-0.0480894253216143
0.3347132985001072	-0.0440050293084896
0.3350445263406477	-0.0413923536640263
0.3247151084433682	-0.0427338988764388
0.3281619122242384	-0.0420461702962285
0.3273606231629795	-0.0392306001076355
0.3213524584016904	-0.0345392296749830
0.3302187456748559	-0.0273901021386989
0.3289205459193266	-0.0279141265827151
0.3277871510014355	-0.0265949525298120
0.3183646718187675	-0.0269495550775634
0.3198755796383662	-0.0253687411937400
0.3206021733021870	-0.0189936673064824
0.3169957884230121	-0.0204393791140971
0.3123794805501082	-0.0166297482552205
0.3120891458199155	-0.0173775412793177
0.3104105890101400	-0.0190932488702804
0.3094307430950452	-0.0130872564179146
0.3093092472535786	-0.0116073772678748
0.3004426129778892	-0.0035458621533539
0.3144856288271028	-0.0153319039067763
0.2980649986015258	-0.0080518408738208
0.3130521898319692	-0.0148853612757255
0.2988811852838151	-0.0074000343454179
0.2995928900558622	-0.0090060918858955
0.2998816839862006	-0.0086863899750605
0.2977588473095300	-0.0164510643984371
0.2985621339998226	-0.0085363413804527
0.2956444518050579	-0.0095139068617800
0.2954787069009529	-0.0079358710786383
0.2956423859788241	-0.0138958297303558
0.2925850458506510	-0.0098892845283026
0.2928993576401661	-0.0133429491156874
0.2934333172564730	-0.0136414061161128
0.2964608644090923	-0.0111300105676629
0.2959338803697281	-0.0285021004403460
0.2580569043287679	-0.0390484711213009
0.2751964739029220	-0.0164794733462763
0.3028722445841766	-0.0304159369513880
0.2840926191111745	-0.0154985436518139
0.2902368107353561	-0.0109842103993075
0.2856757424716775	-0.0018137770888652
0.2757321219304462	-0.0170328540258663
0.2744198693431418	-0.0203676039291478
0.2730490815686830	-0.0199397775276122
0.2829986586876194	-0.0096376371467681
0.2776503391370989	-0.0067988162096310
0.2773856403844257	-0.0124198352375995
0.2750194995844690	-0.0045465662084745
0.2822838101759350	-0.0267085516401570
0.2634794834641093	0.0046893469443154
0.2709658134524631	-0.0206816822965479
0.2779649811714652	0.0138233084648083
0.2691319858311239	-0.0135737009824432
0.2559948739865460	0.0066145434983917
0.2936964575098030	0.0099563178855799
0.2771582229629069	-0.0256330130024296
0.2544272327166769	-0.0007510176880551
0.2656961791482851	-0.0122746571355532
0.2618298397902066	0.0287764187278210
0.2628711771015100	-0.0192634507076013
0.3113833706087090	0.0001666975776017
0.2854818731486820	0.0141647588064121
