0.3314838699833386	-0.0170671710338220
0.3222164469317207	-0.0158260664821927
0.3294714916288241	-0.0099047339007303
0.3253979705183663	-0.0076940301461709
0.3269293894881987	-0.0200347792491536
0.3193480937039416	-0.0180470295895872
0.3244803260020727	-0.0129398534767069
0.3232459583723031	-0.0109016308724402
0.3227487077886133	-0.0129043535263771
0.3197574010130417	-0.0118961713868907
0.3179969557586796	-0.0127614475493935
0.3180898839038946	-0.0115722332285476
0.3178003464362164	-0.0114767673902488
0.3158599789197416	-0.0102800908279396
0.3135546934099834	-0.0123005893123169
0.3147970471765003	-0.0103412401730922
0.3124181583583037	-0.0104346762856516
0.3126515628450565	-0.0117796173369394
0.3066523581941000	-0.0096302480357309
0.3101104935125958	-0.0107349203616040
0.3092387449641089	-0.0122755167298317
0.3031522409597036	-0.0237088725765135
0.2503530193789081	-0.0434696026394871
0.2867553222196801	-0.0020733390475640
0.2907789282737803	-0.0254417958161523
0.3044843447883631	-0.0128621065381282
0.2914650416478549	-0.0167323232557304
0.3195616675692578	-0.0127909399639181
0.3018022843823934	-0.0132873324324248
0.2867926391626555	-0.0077223061372580
0.2911223150357554	-0.0017864633594681
0.2940211866225164	-0.0092211825814426
0.2914623584281377	-0.0115119878499246
0.2994761706622678	-0.0119156496653242
0.2923281729301096	-0.0018226000292010
0.2867736453739365	-0.0074230809848105
0.2948747968507762	-0.0027424267658956
0.2909994250269670	-0.0000102681911658
0.2921747620159603	-0.0169013000029307
0.2802580727911185	-0.0026371190792751
0.2913177874192481	-0.0202458098025147
0.2751198820439861	-0.0017554553929316
0.2991704986105966	-0.0281259935326097
0.2960044776312799	0.0199412976671853
0.2579329416879402	-0.0013821974531370
0.3017220772512195	-0.0329751261194412
0.2959327424792116	0.0051540210460290
0.2966352155450091	0.0357530905582220
0.2739272312663969	-0.0071958492334294
