15.0053480226257370	0.7604261039052649
14.1743321981268200	3.2101315221146867
11.9730495296923200	-5.1705298633480314
6.9577167417346910	-5.2067750631092862
6.7577647695415779	-3.7663960320989904
4.2171817163090441	-4.6410704438749137
2.8066237877326103	-4.5534220732211255
2.4949529447832859	-4.0941348383154823
1.7562713583223608	-3.4003065978674214
1.3614700476974120	-2.9218938067301043
1.2274958922366346	-2.4129638968646758
0.8689302967035113	-1.8771117717678281
0.7905338817080526	-1.7691257033748820
0.7673315364745520	-1.5502594217399763
0.6197315284954500	-1.3698374120568946
0.5802299772979583	-1.1265996623306500
0.5953554506790870	-1.0274985225954920
0.5138454464001599	-0.9077523092190274
0.4988931601286830	-0.7897023960814622
0.4911639336777894	-0.6755497257584677
0.4609451507334576	-0.5924764289427464
0.4345461708100931	-0.5170754470404283
0.3983129048599969	-0.4216831614057145
0.4219621475687343	-0.3524197021916367
0.4182991385902305	-0.3250866128633313
0.3924581690449044	-0.2563507684769262
0.4058938493045242	-0.2447323154814008
0.3738986285229038	-0.2296319562504740
0.3804083973789250	-0.1692046081995887
0.3504435347632008	-0.1656067827225932
0.3649436524184734	-0.1471528963244302
0.3383852762465744	-0.1108986671515446
0.3631930571983748	-0.1106272888266116
0.3498309092861910	-0.1013178515585895
0.3607093830032344	-0.0955077213899405
0.3644742449972141	-0.0742360746366589
0.3401945481280925	-0.0637802974841718
0.3570688379843915	-0.0693130639463247
0.3614353123929123	-0.0523197315934333
0.3355239866150855	-0.0396177354893533
0.3376427770161065	-0.0518820945565350
0.3325561202990395	-0.0294769671897301
0.3521280120086498	-0.0375638958449777
0.3508611328294292	-0.0286779233004436
0.3496824932747790	-0.0265776386613296
0.3252686178784335	-0.0281080005047033
0.3397414466909953	-0.0339450801988588
0.3298330120908828	-0.0328671548503100
0.3414150351553184	-0.0276122294140805
0.3371720544087927	-0.0134642869298355
0.3232003001516067	-0.0121318354525142
0.3332873023696797	-0.0166377973896422
0.3222585827915055	-0.0116209277117625
0.3191793215522392	-0.0213761160260851
0.3232530978275875	-0.0083654232277591
0.3190618194784176	-0.0078579207242602
0.3149438033928798	-0.0166741527512059
0.3143609351522595	-0.0093634145116561
0.3121801338288589	-0.0146341092657291
0.3111029678167255	-0.0116342426268183
0.3163698003374928	-0.0085575892737786
0.3104411128795325	-0.0126563659695785
0.3178979563435915	-0.0112211553419607
0.3136196094341688	-0.0160912206975574
0.3127478444254145	-0.0086744865826111
0.3146016808878679	-0.0122941442779895
0.3118100769365013	-0.0106786282369693
0.3105888161850927	-0.0138218928372455
0.3106713593587809	-0.0123286766411563
0.3084529004931104	-0.0152429181736853
0.3024934963584997	-0.0120056643521763
0.3026071197202155	-0.0124123420932663
0.2923718370221938	-0.0090409062894623
0.2672520079667421	0.0210194974558522
0.2996198576393765	0.0022587423655115
0.2839570154626792	-0.0054846500376072
0.3134967172704707	-0.0084664217594148
0.2979902505557933	-0.0102250728250076
0.3112193344790804	-0.0157381033802017
0.3108363731981997	-0.0004846614392350
0.2845701001908234	-0.0032625257025590
0.2816297722438285	-0.0021797126376927
0.2961598076103211	-0.0041388569106643
0.2899302732581428	-0.0145839539976511
0.2963719252895367	-0.0070346176225262
0.2950997428248862	-0.0091110642786979
0.2947970906880964	-0.0116981437363477
0.2971688351001027	-0.0131121710874784
0.2808652885085794	-0.0026730795867782
0.2934525397225634	-0.0075238431115447
0.2831442098373113	0.0003489431368400
0.2959061349402919	-0.0171768832602895
0.2908097167120353	0.0070553747787932
0.2822493024879904	-0.0039929790950015
0.2867457005489394	-0.0119367622242532
0.2914222508013356	-0.0043572359195207
0.2943343306463805	0.0004923888290521
0.2840366826419191	0.0111977500677618
0.2817451026139730	-0.0020970765398645
0.2715863311569345	0.0053718795562484
