17.2984904722373010	5.0154010167054981
20.3704113049300410	-1.2204226714593500
12.5462076111824100	-4.3823399890987682
7.0943448147024242	-7.1440574956922971
5.6581360911831524	-5.8295699343352601
4.2973994729852913	-4.7197202141944157
2.8362349241939206	-3.6817010818801639
2.5478568297051076	-3.3581189098553761
1.8630697225567401	-3.1722304462691504
1.4017955660585426	-2.9922273395494963
1.2475863940868737	-2.4582633770885725
0.8347188580286078	-2.2673082760758434
0.8180702483455281	-1.8529164685505639
0.7305696865543233	-1.5069641388761477
0.7168712965842299	-1.3736715379228455
0.6521456832900255	-1.1582209145898270
0.6148406923653381	-0.9973001668904059
0.5166025968475907	-0.8648521877196355
0.5217241709242965	-0.7874784415543309
0.4818122408288214	-0.6839394751572698
0.4886513676034016	-0.5819650546842795
0.4524279725405937	-0.5160783122260665
0.4521365553887997	-0.4138851116757379
0.4217610744328910	-0.3793331225251151
0.4250741930308000	-0.3091004250710094
0.4170733379015588	-0.2668580440049025
0.3940346108131656	-0.2401553256450955
0.3973847918634844	-0.2048497582766125
0.3829147594399752	-0.1800065027747341
0.3913285800253714	-0.1633951372743908
0.3785864042010778	-0.1259000906988763
0.3731513145994013	-0.1098204317423382
0.3920869537865625	-0.1076276978475468
0.3840721482171866	-0.0867100239357829
0.3726345688254211	-0.0808172581153065
0.3753805173021457	-0.0673974304672421
0.3748461687100029	-0.0628744149600781
0.3721851824596539	-0.0565751324679229
0.3699950945476632	-0.0503361404677123
0.3678011515589631	-0.0449213623236210
0.3665038179155378	-0.0403333635587979
0.3649759474604227	-0.0364532744916510
0.3633869157952590	-0.0330311339099234
0.3621087798301054	-0.0301434839058953
0.3602193394877216	-0.0270509155807206
0.3566902690889229	-0.0266089924685647
0.3562544944437838	-0.0269559443273546
0.3624710172856482	-0.0210806103526364
0.3549111447370973	-0.0177313624302273
0.3608281081020687	-0.0182606546675488
0.3595619599854191	-0.0268737415114175
0.3480418436358363	-0.0285285032783558
0.3524421780636486	-0.0117215763057765
0.3476444881939728	-0.0083266412371054
0.3562944689581165	-0.0112360874483854
0.3433328378747041	-0.0145794390276408
0.3543515994467786	-0.0099912617074258
0.3604904489753664	-0.0235012817722021
0.3388525558988187	-0.0182803447262724
0.3396813971211322	-0.0238963417040662
0.3520338992917173	-0.0069359474902995
0.3413713331543884	-0.0114587324633863
0.3386860644254634	-0.0129451220010705
0.3349769651769191	-0.0192758874238872
0.3449497363853076	-0.0111513986583727
0.3485265335921379	-0.0215927716743003
0.3339560384951193	-0.0196297203683333
0.3322544603303246	-0.0140671457379913
0.3443134093121616	-0.0206616432356274
0.3294118214882381	-0.0186356822651963
0.3258932729291747	-0.0147047620793716
0.3385317245002492	-0.0252402498155523
0.3291649135444414	-0.0359054636398867
0.2629367228262350	-0.0551797349343595
0.3137638795654883	-0.0080777429823153
0.3120971570083497	-0.0339712595726823
0.3282390014154860	-0.0165494552034418
0.3212396139350840	-0.0262515420119753
0.3276008750549556	-0.0226752774515604
0.3275913010262292	-0.0077874500608728
0.3126330534675029	-0.0127769756426081
0.3044169835888865	-0.0140489359115122
0.3241597579086033	-0.0107936503879302
0.3108240015727781	-0.0086655181799215
0.3117232840315083	-0.0140330696352070
0.3106299369439465	-0.0064075391857732
0.3159003968829695	-0.0067964670832672
0.3171340002079445	-0.0208238450423503
0.3059203322927304	-0.0192735095356527
0.3194839319461778	-0.0243420508819662
0.3108219939345740	-0.0050706216284438
0.2984816896122033	-0.0266179612366996
0.3380675658377371	-0.0160326974673829
0.3163314585041029	-0.0076715860228047
0.2977700770826233	-0.0086004864751769
0.2997224767531183	-0.0247825302487985
0.3032760872616018	-0.0326451450467003
0.3242975478586198	-0.0378987395560271
0.3135849730804173	-0.0109898291165257
0.3001741504203080	-0.0362131943647588
