21.5540861243417400	2.5615720463877087
14.2752406317622300	-2.7329570474724005
12.2545995989218480	-4.8900723406367357
9.7206787530018275	-7.6508291404993685
5.1516526525672912	-5.1085956433952342
4.1229775780008993	-5.1293837575192329
3.1952535217628886	-3.8940935973449755
2.4373988743415858	-3.7823782244498663
1.8575577368110248	-3.2672156333229028
1.3156079688326210	-2.8437728362448933
1.1950206253165405	-2.4565321039541930
0.9151831419186532	-2.1301448361228221
0.8318349699617135	-1.8453977676373789
0.7414236413746922	-1.5530104485700109
0.6656277506476667	-1.3493805892544688
0.5782033190918862	-1.1565491279034479
0.5629456656659659	-1.0155357333946740
0.5279758167283789	-0.8808163261564685
0.4972043401971036	-0.7639920971224040
0.4690256713514048	-0.6634541460465692
0.4469842005540347	-0.5747754989317006
0.4298728664506757	-0.4976146004119245
0.4152909461445903	-0.4307771914428163
0.4035792376873244	-0.3695939172216599
0.3960689486744392	-0.3209963815799573
0.3899411448039472	-0.2785306929618833
0.3825980620792747	-0.2427119327478363
0.3758186770369089	-0.2118158751204927
0.3695919471841927	-0.1849038104704419
0.3628764759968855	-0.1595046059803531
0.3537503934537755	-0.1345266060358840
0.3482073346460636	-0.1045885659763878
0.3775933605379058	-0.1051041274007627
0.3621312941538671	-0.0955125197553584
0.3563347547370199	-0.0833904567898592
0.3521057802206236	-0.0713986529780978
0.3524311318010714	-0.0635488976290993
0.3495492322304409	-0.0567414752956428
0.3474409715070628	-0.0503667299687480
0.3455844164885135	-0.0450435645759443
0.3438251009245650	-0.0400232514419209
0.3420415474504842	-0.0359511374189240
0.3407811288553452	-0.0325942352823171
0.3392987902010112	-0.0295572840528547
0.3383621059844866	-0.0266084218291796
0.3368325445552231	-0.0244731032297493
0.3354537596903044	-0.0227464484011705
0.3343837728880688	-0.0212940751353010
0.3335316099740756	-0.0202716425758839
0.3323608896022752	-0.0189302231013792
0.3315580284217935	-0.0169759668566161
0.3317755237989890	-0.0171389089764779
0.3297262443951599	-0.0136548045274375
0.3289715227513834	-0.0137992421431857
0.3278960782199905	-0.0103133796487936
0.3284631108851955	-0.0127520474970859
0.3261300401508398	-0.0158899195905111
0.3272936209288078	-0.0095484780699658
0.3254884391923660	-0.0084426606581171
0.3184576698457309	-0.0078594011559975
0.3155500798433747	-0.0154890267827470
0.3224744446641956	-0.0115171696072176
0.3126167815139295	-0.0120840030818349
0.3191762258502990	-0.0100112144584001
0.3134305215542111	-0.0149554353067130
0.3102952504418574	-0.0098260541100994
0.3153707209447714	-0.0082298611207863
0.3132414184578753	-0.0126277002961207
0.3066538405216599	-0.0147279022721151
0.2989961692823635	-0.0114614768128323
0.3099344023428445	-0.0167544603975814
0.3021565563114296	-0.0062297371719054
0.3189107369052837	-0.0222716010168051
0.2488295668340883	0.0687662037816545
0.2895223885770227	0.0097158353555146
0.2815903453746210	-0.0125236288898032
0.3131896641633743	-0.0091954842113514
0.2992239222066659	-0.0115792294526906
0.3154848558294309	-0.0200688804876832
0.3127169430455655	-0.0033798731210534
0.2837242222577224	-0.0019405212190562
0.2846673149335064	-0.0070056189150996
0.2942388487740241	-0.0058065597988453
0.2909482502370400	-0.0104868154823916
0.2915180566374473	-0.0058189483185704
0.3020326070933324	-0.0145012321300267
0.2848510265495757	0.0012756070301179
0.2961837902156546	-0.0116758467354599
0.2833421892583340	0.0026838065214714
0.2979306222018648	-0.0058218881224434
0.2794140787130486	-0.0107304429893196
0.2797752205952029	-0.0010689037771732
0.2900835518659125	0.0026361111108246
0.2927304914907449	-0.0105015154779802
0.2840001903290544	-0.0112706111635783
0.2830006041810684	-0.0043702643875565
0.2798230298165408	-0.0005409794594806
0.2830661483403803	-0.0031624588251525
0.2816583995983974	0.0035563600484050
0.2959822881825583	0.0020074661262655
