22.0720472853606680	-1.6020667555196830
15.7938606632899410	-4.8651145167678793
14.0269558069727850	-6.1253750366460276
8.8114664100301372	-9.9904243786819986
6.6038945489498984	-5.2990122680216745
4.3823863380457748	-5.0006309196926626
2.5398868413635580	-4.4478349160051769
2.3234123927707424	-4.0047065489793692
1.7818990833118762	-3.1685037436546590
1.4833676760283552	-2.8131312349679081
1.1599082508623562	-2.4622178603697895
1.4132977002042015	-2.1870777475605778
0.8636423519218258	-1.7707529556620016
0.8085909517556362	-1.5864336142933024
0.7364612597776976	-1.3568766492015045
0.6634772609910663	-1.1721198934636925
0.6413530750096789	-1.0180578126081954
0.6076112710585638	-0.8798289311433607
0.5760244228173901	-0.7617336302788654
0.5493206757209644	-0.6624610136637491
0.5264456671543153	-0.5711269741361780
0.5099866986103542	-0.4950678166416869
0.4953575530097182	-0.4266705935519428
0.4840140231581395	-0.3670018538836316
0.4763055182587063	-0.3183508637120325
0.4686323719566133	-0.2751104324087833
0.4628190997295462	-0.2393544131050372
0.4557944857102566	-0.2086775771208856
0.4485671033878859	-0.1811657044523642
0.4423481714933403	-0.1569032119728309
0.4334134822449243	-0.1316393561628559
0.4264546207677247	-0.1028870211080970
0.4548932272016580	-0.1024349779263821
0.4398068948858494	-0.0926101579253222
0.4344262341670241	-0.0803833358597602
0.4294592454693765	-0.0688405285582636
0.4295855711893989	-0.0609796096345966
0.4262972346107457	-0.0544762976289320
0.4245837759599538	-0.0479461956101906
0.4227544511433588	-0.0429754896686984
0.4204412313303991	-0.0380593016165318
0.4180328681752639	-0.0344478342442200
0.4164244521945107	-0.0308722796053241
0.4148386696330368	-0.0281649081500450
0.4147740355476727	-0.0255145363439354
0.4134256896782679	-0.0250326748234306
0.4104376280216177	-0.0236232836396708
0.4067185733749336	-0.0210387806752665
0.4054355156523774	-0.0190331380946224
0.4038073001593135	-0.0170989136514839
0.4059762727318003	-0.0154014097070425
0.4051177413663815	-0.0167910525418093
0.4010740265359705	-0.0146191923092068
0.3988450597730996	-0.0181245530799408
0.3997031132904433	-0.0122712293921953
0.3925611965847052	-0.0118991454905710
0.3888964244762195	-0.0051078570981643
0.3952449397164330	-0.0056251737292410
0.3920659780639750	-0.0176562626848321
0.3927805378089194	-0.0073387719554676
0.3938641995194623	-0.0128513524287901
0.3924975299900569	-0.0139401945134094
0.3867235457358650	-0.0126533424538038
0.3901578791658503	-0.0114328677320847
0.3878606522120225	-0.0141806655035954
0.3895149979210670	-0.0112329154533221
0.3910633946999588	-0.0107510143086046
0.3869937471805961	-0.0096388488109643
0.3862166096990357	-0.0117636960283995
0.3850510536919624	-0.0107020988513222
0.3785422830921390	-0.0146667611170994
0.3788206622814828	-0.0095280752742189
0.3988376269668041	-0.0218641134173321
0.3134782401614399	0.0633383324680030
0.3678276316334155	-0.0289811185955197
0.4050064183739741	-0.0281550995137497
0.3853004143391962	-0.0119160913060265
0.3841855541961491	-0.0114110600410025
0.3637776392486785	-0.0013324921670183
0.3814448203573758	-0.0168525879654962
0.3914439519145251	-0.0172723325761340
0.3861310815820828	-0.0144965709180471
0.3741829255958037	-0.0101989531456135
0.3733137069843817	-0.0122229375036384
0.3724373779672182	-0.0094030763668544
0.3677841557534031	-0.0108100110838247
0.3723756604878198	-0.0065392051153495
0.3604561238801839	-0.0042999444746685
0.3830980562157843	-0.0108689318481794
0.3674035822632989	-0.0113214891864384
0.3663729783705652	-0.0043978263675359
0.3718645834805363	-0.0098800177018887
0.3671590833713013	0.0010803129122124
0.3566740700263665	-0.0024879293729860
0.3635391369480531	-0.0061721969349209
0.3505959372079260	-0.0090452040520298
0.3548041675913550	0.0106693903933261
0.3689248280183243	-0.0167234326715476
0.3399964147111330	-0.0102645894527741
0.3563946204541698	0.0085724336171401
