17.4820470865199910	-0.3936746387232296
18.8441941632831810	1.4500970237319248
11.3854425200300680	-5.0973719717840602
8.5155961825951358	-6.0985465327488040
5.8449358731029228	-5.1842682790982764
4.3316868017706067	-5.2053775509070865
3.2869054875685677	-4.7245060605963474
2.2867246487256172	-3.5722272313041787
1.7278848583381334	-3.2935510372086569
1.3665678623134847	-2.9131252379121624
1.1426241905766286	-2.4129668502442616
1.2304946972267556	-1.8579509327421926
0.7782056744087186	-1.8018544365866143
0.6994445259062211	-1.5572189744246765
0.6256190688370114	-1.3455452637586049
0.5605523982594317	-1.1602381477290618
0.5254129156578968	-1.0131552733923401
0.4909445256179779	-0.8772586216898158
0.4585701519867044	-0.7628186318418941
0.4346866687602353	-0.6616943075017115
0.4126816099576967	-0.5731657916286767
0.3957987351733200	-0.4964922980443247
0.3813933696354904	-0.4287062721533781
0.3718072603138434	-0.3690910679029654
0.3634906026811701	-0.3212686700287446
0.3567185504759033	-0.2784362872071058
0.3503570367294769	-0.2424307312294898
0.3441430133617928	-0.2115425460413446
0.3376114811750161	-0.1813392766512335
0.3312408161962305	-0.1598707585335212
0.3223855765702425	-0.1356945970887517
0.3162627414422337	-0.1060268162074877
0.3459694887804746	-0.1051551976565391
0.3304194652128089	-0.0962217773673924
0.3242239734897573	-0.0842332452491878
0.3195330280090442	-0.0725651941634509
0.3198476235950281	-0.0647154897322961
0.3172748419105899	-0.0578004037996323
0.3145587291429212	-0.0516631995729590
0.3130020291371678	-0.0463275993864212
0.3108580683006158	-0.0413693031121505
0.3091894584433242	-0.0376985632114870
0.3074945381154147	-0.0339357169295936
0.3061185157379566	-0.0309989460726813
0.3047058790649030	-0.0284100075900599
0.3029431434616660	-0.0263575215197769
0.3012775339090807	-0.0244210972447622
0.3006408333595169	-0.0228971176539996
0.2989514255291967	-0.0212360384745053
0.2982757599090744	-0.0207389013485552
0.2968921269278031	-0.0209577791845327
0.2924128676707412	-0.0191292030616938
0.2900389547635296	-0.0197003149998779
0.2945900948817097	-0.0157333950679071
0.2924955152432757	-0.0130596745561777
0.2853990797125055	-0.0153358536107320
0.2894397170768123	-0.0170189117681836
0.2844999492882018	-0.0146617022108653
0.2872810478519846	-0.0116042777020175
0.2826944183153145	-0.0117018210609903
0.2866548036550966	-0.0137725733013986
0.2802352376165829	-0.0133048783376021
0.2804942530270231	-0.0135475145311567
0.2831513729222320	-0.0126878075481015
0.2803577848293322	-0.0123513779814974
0.2800051322790596	-0.0128876141845973
0.2854399786279226	-0.0114227346756686
0.2819614843568137	-0.0145908940243266
0.2748021901417197	-0.0056129170970827
0.2784096391772282	-0.0123064201551298
0.2757544967674733	-0.0115143392228749
0.2667893270857754	-0.0087465141732412
0.2811183855999241	-0.0234982660350169
0.2358962045195428	0.0101085274408268
0.2577992683169857	-0.0110387327800746
0.2697381781625729	-0.0318052694000797
0.2638047878809802	-0.0128306435532470
0.2611454511852976	-0.0166960203758004
0.2795344464489745	-0.0021676547365295
0.2621362595631960	-0.0128086833043162
0.2503631209283245	-0.0247834067066546
0.2515898118385256	-0.0219207028080025
0.2652625432217222	-0.0096569519536700
0.2617766081631151	-0.0039140351661992
0.2559309891677347	-0.0129143731543192
0.2572772525975192	-0.0041165531645009
0.2609641382690638	-0.0104481145694432
0.2510602026570293	-0.0097567333109887
0.2568414582697017	0.0065110512634971
0.2581478478701791	-0.0076042910377526
0.2520942254532098	-0.0092977643836198
0.2514196830075348	-0.0057744406219748
0.2558648659987804	0.0017916613435122
0.2554404433493689	-0.0045945457793956
0.2517103670528739	-0.0004693097406921
0.2837171977201503	-0.0072875277801462
0.2321642645563542	-0.0329539784778941
0.2361706402906179	0.0209174160680062
0.2704442014948560	0.0021570205235216
0.2425623350132499	0.0003160370707443
