20.1946297520853940	0.3504006751376548
12.8192625558772180	-1.8997558454254679
12.2078867743818690	-4.6273070701073893
7.4007182586165046	-10.3129307956329780
6.1232386387911566	-4.5526515728256731
4.2945236919265213	-4.8633330536570663
3.4735946106201299	-4.5061193446615793
2.5991582966660034	-3.6393375842100144
1.7136861074848904	-3.2205027154113712
1.4613275422926155	-2.8024489892857800
1.1323546427088105	-2.4303724579648662
0.8579088331027742	-1.9270850890588260
0.7923632303956996	-1.8299323143976658
0.7099856460126868	-1.5664036447996446
0.6537745638612995	-1.3558201677973101
0.5862766264969853	-1.1500343444996819
0.5450285218774127	-1.0145425162284154
0.5089324428882717	-0.8800318293162703
0.4773577395898682	-0.7655870130975001
0.4526323182976573	-0.6647439360432088
0.4312778288998829	-0.5752889725540271
0.4126959568900366	-0.4985787580745685
0.3990676299827025	-0.4317916744744010
0.3883649445648770	-0.3705869915870537
0.3795661495185602	-0.3217858325946224
0.3732502839156596	-0.2795595675801266
0.3664230508011300	-0.2437671669904924
0.3596870945752458	-0.2125765918124493
0.3528415722473952	-0.1855838522327079
0.3461831500987013	-0.1610753940303519
0.3375906926787894	-0.1357972186384123
0.3313652070818811	-0.1061241626558459
0.3607149521863866	-0.1061988350713930
0.3454352446714195	-0.0968501374584936
0.3394216091976957	-0.0848105539401278
0.3349601628828399	-0.0728791037260242
0.3348554847651520	-0.0648034576628436
0.3322547976045364	-0.0579098591162269
0.3298626873047915	-0.0516996601275811
0.3279500466987746	-0.0462945120327942
0.3259976926084879	-0.0413601886415162
0.3242935205521693	-0.0371034438541995
0.3228006569249036	-0.0335865192866533
0.3214609492647648	-0.0306459089534085
0.3191466359988251	-0.0277789991574420
0.3181954911791734	-0.0273180744801187
0.3163518876171323	-0.0222448429002219
0.3161367985969339	-0.0243683175511808
0.3151017415707200	-0.0194852207586186
0.3136542089449822	-0.0189279541724161
0.3113492937652279	-0.0193228278471828
0.3100461814970262	-0.0186526117605787
0.3057485399187108	-0.0227449098908515
0.3077760298122900	-0.0131470047570969
0.3024322208086856	-0.0137936964919378
0.3020455951341993	-0.0120332146491285
0.3030232335293377	-0.0132294690901839
0.3028824413249990	-0.0106716141876244
0.3033413343718059	-0.0119390126472390
0.2993385397281336	-0.0111887756198912
0.3018680295802328	-0.0127102910546193
0.2989408377496403	-0.0111670249433221
0.2965104339192567	-0.0126346213978306
0.2971354635183937	-0.0123273058620535
0.2941387578356942	-0.0129598237588169
0.2953096654109100	-0.0125100982231799
0.2902945775285119	-0.0107867244606257
0.2914121129346778	-0.0122082858574111
0.2899573444814290	-0.0093323544283294
0.2911275106395905	-0.0113225548801347
0.2979106956316672	-0.0126441962610230
0.2908233543072878	-0.0124441265901947
0.2813843442931315	0.0095359705319962
0.2640800925634668	-0.0155492562227734
0.2883458828078050	-0.0112623472532795
0.2829031430592174	0.0065071386682219
0.2777649649730072	-0.0113247354545135
0.2758179851880247	-0.0002120912468757
0.2746789258976475	-0.0227494763795155
0.2790951354447633	-0.0060527247617285
0.2715393608601338	-0.0024050655563532
0.2686239257771486	-0.0009947847575193
0.2752599824066385	-0.0056897155344729
0.2755359126603109	-0.0086043596677737
0.2642230152976320	0.0055987722112843
0.2848416677490688	0.0036783933971833
0.2854538831183553	-0.0088391655080818
0.2753042550184141	-0.0155996384659731
0.2606326834915328	-0.0172769965029264
0.2594542087446203	-0.0082296672707351
0.2643798036634970	-0.0075550507479623
0.2598352638784187	0.0000770714547920
0.2657317056978386	0.0064547495284476
0.2663651211504527	-0.0006618904536812
0.2689349459729443	0.0010791798755924
0.2711104760991209	-0.0005215336973158
0.2668439388042678	0.0019845781776253
0.2707932866967407	0.0015433491600724
0.2657406373090324	-0.0005738425528569
0.2677821634915991	-0.0016641788507799
