26.4168093649340250	1.0323656483161034
16.5992991002488740	-1.6813460846047827
11.3041594726440420	-6.2046267653907634
8.0088634823430755	-5.0023503463082113
5.8943439093071079	-4.5231844445167431
4.2054160994349568	-4.8174184413348415
3.0931377802782611	-4.1971505095909309
2.0235476170990605	-3.5833508348160876
1.7489226075465123	-3.2698999782066238
1.4131949869259353	-2.7675933259978880
1.1652336028121852	-2.4379708895434238
0.8667609655042398	-1.8488073388672221
0.8065920952205867	-1.8254560274363061
0.7019778828605717	-1.5662396755524968
0.6494039852840154	-1.3564547053995735
0.5819276071490149	-1.1995434859477325
0.5477432666466711	-1.0138541788888416
0.5124103149387193	-0.8778268719773551
0.4803558790904938	-0.7627443066053636
0.4541286987116622	-0.6609021743159812
0.4341523380015744	-0.5727745609748058
0.4152899702375588	-0.4963865591243153
0.3995555364791065	-0.4307367278252828
0.3899256710609412	-0.3685937725206270
0.3822147236242471	-0.3198631504560898
0.3750357467197903	-0.2775747863226272
0.3690896133375285	-0.2420510008816585
0.3622624108513799	-0.2108041574996308
0.3553156630467168	-0.1834756180153231
0.3497879786809784	-0.1592180723163735
0.3403528704322051	-0.1345709672694218
0.3345999847113012	-0.1048205747634604
0.3639037472623349	-0.1047630635303428
0.3486378272035277	-0.0951585427480098
0.3427799082130244	-0.0834506327742922
0.3383172228335475	-0.0711177284545564
0.3387552774004238	-0.0635245220352156
0.3359411342651275	-0.0566003015650383
0.3338097915730141	-0.0503794336099112
0.3320328587337944	-0.0450949230741499
0.3302728943061608	-0.0401515605343796
0.3286776591637038	-0.0362298817599009
0.3270615511779069	-0.0327329675745389
0.3256266870406237	-0.0297730684271277
0.3245998392690441	-0.0270566963127071
0.3230316788144563	-0.0248832002396412
0.3217917469306811	-0.0230834685745693
0.3204775859816167	-0.0213949022287924
0.3189466439437638	-0.0201160378784036
0.3185745288557618	-0.0195704417205293
0.3166777967300317	-0.0176656069770291
0.3154709702879465	-0.0162228731921090
0.3132781527475996	-0.0148171515269467
0.3131496011354996	-0.0170493643491813
0.3086659401759351	-0.0173119271057681
0.3111888933920633	-0.0109226441239417
0.3044893394535196	-0.0128987508105008
0.3084720770222962	-0.0166144423000545
0.3076692215298136	-0.0085908024964832
0.3039480640997458	-0.0159084668258066
0.3035705275520134	-0.0087470356900803
0.3057433366021780	-0.0149982246112435
0.2986070409569961	-0.0137793749195533
0.2991918608508269	-0.0088485688513839
0.3028308288438458	-0.0106778246208846
0.3007764595774629	-0.0138953534936890
0.2977093924869863	-0.0142168264220021
0.2935368614567305	-0.0102147206637110
0.2953256098870585	-0.0079820365121808
0.2902053546880574	-0.0101768209979863
0.2908984620990710	-0.0121077175786479
0.2913376852366828	-0.0092686628444126
0.3018656666500741	-0.0143528617902100
0.2508559326354476	0.0091694255563498
0.2713217705523694	-0.0181085212544683
0.3063196795958381	-0.0103522965115175
0.2754252561395403	-0.0095652911949303
0.2837253548182292	-0.0075605698825688
0.2677700957994847	-0.0137668983612314
0.2752496147283715	-0.0124877611512859
0.2930497929268469	0.0022854226886729
0.2900137434779744	-0.0047574989183579
0.2791512095124987	-0.0062888441038815
0.2785432797777133	-0.0106726069208057
0.2797153003623433	-0.0070083734358848
0.2753972330315210	-0.0051160672255997
0.2590922396505519	-0.0186124617487319
0.2591951637919908	-0.0105163776594188
0.2550820371982197	-0.0025302843109985
0.2615584574997862	0.0030731681817273
0.2668895996837339	0.0100169133598327
0.2723733842152420	0.0081944000977352
0.2708010304030248	0.0114037905937149
0.2780553297570060	0.0081757329196112
0.2769755728908144	0.0046921241563124
0.2808123829661508	0.0038170425857279
0.2788764440346801	0.0041251595243780
0.2854266530135579	-0.0007563207484619
0.2784239924876736	0.0005287289110005
0.2817827036142617	0.0081612680779018
