9.4174444198918419	-1.8413399957008416
5.8192525333776102	-1.7323752028464383
3.7049210804651604	-1.2809929635329964
2.5799223027909757	0.7360627185993955
2.1172244418748525	0.4205301933660738
1.9353840586254023	0.3245694501819993
1.8190366634606228	0.2682418016725868
1.7593271682625260	0.2194107905436749
1.7392772515292101	0.2151111761491663
1.7254686991425834	0.1864939159501149
1.7241021045763807	0.1358733087434723
1.7217889272563718	0.1104630128367916
1.7088813858866156	0.0927673962154718
1.7150014496508816	0.0719431630977553
1.6998669249129099	0.0633224678952679
1.6836935173467269	0.0625118459529930
1.6820161798318241	0.0473304945498850
1.6779692940625097	0.0429140711601285
1.6775550232636920	0.0409028177129992
1.6798930410632562	0.0403387234591140
1.6869682394086123	0.0336649837202428
1.6808445533949161	0.0265861685088591
1.6819640597261427	0.0269354918245287
1.6808879392264169	0.0256387228215628
1.6806524024440845	0.0245507500015348
1.6813904864692550	0.0237334275638716
1.6824593092788933	0.0224456078675440
1.6837846529058109	0.0224904198169142
1.6854313768501044	0.0222810994814264
1.6870018569084004	0.0219102911981014
1.6888410254823376	0.0215375891184696
1.6908374317107058	0.0216995219633715
1.6932147677508871	0.0212362954921179
1.6952523849660954	0.0209879746424176
1.6976365855238100	0.0204496328485364
1.7000603902499110	0.0204907490147342
1.7025856880544088	0.0193550956962580
1.7039819633527482	0.0184686841426899
1.7070235374081670	0.0171152426826237
1.7082915660445703	0.0164957982543441
1.7097621319614598	0.0158847900902756
1.7114127265060251	0.0141742750876192
1.7128783703343970	0.0131935438364007
1.7142580499060054	0.0125266939503548
1.7151639762016548	0.0119982771264880
1.7162324405768401	0.0107512813934205
1.7170996618743688	0.0106859204449713
1.7180768844529188	0.0093672146422935
1.7188120373527918	0.0087169543522179
1.7194658595449324	0.0080076722988458
1.7202060573019371	0.0073456049056226
1.7210677030902146	0.0065989449611936
1.7214595137263093	0.0062285173114328
1.7219338530490733	0.0057444701312560
1.7224551908636014	0.0051731392943280
1.7227077233908168	0.0048154405916893
1.7231789886545807	0.0041486027868229
1.7231897749031653	0.0039868771989651
1.7233217801329117	0.0036191396044858
1.7235053139100294	0.0030692508071164
1.7239348339369065	0.0028376596371943
1.7240113223364371	0.0026568587120494
1.7238973773666937	0.0023331568891597
1.7240705543026520	0.0021413277627909
1.7239417990377142	0.0019240250070260
1.7243503521172239	0.0018739143419531
1.7242533215055407	0.0015181194016231
1.7245112240600640	0.0015057342494786
1.7247079911400767	0.0013313684191262
1.7244693190491875	0.0012428726763477
1.7241786800248389	0.0012295292669283
1.7244612862466007	0.0009758289447283
1.7243555509049213	0.0009784310002964
1.7241457390886787	0.0006890431571192
1.7238917648706924	0.0006813996303819
1.7242030428931860	0.0005495550820506
1.7244734680667151	0.0004801189481225
1.7250032276251563	0.0006210862314425
1.7261223854542038	0.0005435203990216
1.7274460741033262	0.0002249399100445
1.7283104416694002	0.0003732039308398
1.7374197624309784	0.0004328529501786
1.7388754569578111	0.0002742084897070
1.7388403297048864	0.0005087626117174
1.7387715812713631	0.0001617420630754
1.7383141693909083	0.0002355299246889
1.7380100631033708	0.0003098015136364
1.7379814557820814	0.0002412031509171
1.7376218061395807	0.0000875169383285
1.7372504253803860	0.0002626034712008
1.7371507940870170	0.0001770158402452
1.7369412288988890	0.0002642080430009
1.7363973432736282	0.0001512820735219
1.7358615331914951	0.0001137291866533
1.7355317194733277	0.0001353898016085
1.7350934556898752	0.0000822392829879
1.7340810790987453	0.0000515556177617
1.7334847602450698	0.0000204787649040
1.7325903320662281	0.0001044373920290
1.7314850436973426	-0.0000292275194849
