9.4870000587398167	-3.7356765422376079
5.1582593311698037	-2.5324318445391039
2.8694888470855351	0.4576837515492584
1.9102092563900883	0.0149008303143899
1.1991876490714908	-0.1030613909694298
0.9416060572422341	-0.0489948641294678
0.7931504990943396	0.0154028325537716
0.7259835739584936	0.0764602541322031
0.6935159184075255	0.1147340430520647
0.6844596066998593	0.1278505817493240
0.6759559344995828	0.1313478964842067
0.6717385937010109	0.1203908526613345
0.6749542142377528	0.1045549384271532
0.6708448873489441	0.0902422663768161
0.6669887793093389	0.0792016107337387
0.6626871873759284	0.0695865380199507
0.6594080573145346	0.0586783506614876
0.6560962926273650	0.0505625307241342
0.6532906187594159	0.0425912118014397
0.6512450820493519	0.0369615132260404
0.6500221599129665	0.0317405717413747
0.6496384866951738	0.0281009369746865
0.6495374081315586	0.0247352043866436
0.6500920436290462	0.0222519930472281
0.6501656809272733	0.0194589527735560
0.6508100081565422	0.0183553704827760
0.6517065110669001	0.0163916386297982
0.6525139262560198	0.0145502741592881
0.6531197063127131	0.0126127082075065
0.6532575991378550	0.0111507332426712
0.6536503876199994	0.0098082044968894
0.6538105585024555	0.0085876024406443
0.6542716430562393	0.0076385955282896
0.6543825642890733	0.0065382414436227
0.6545302450718085	0.0058976276490658
0.6547763214914349	0.0051786324109872
0.6549717123642607	0.0046292350620325
0.6551360349847574	0.0039258265134526
0.6550981367953482	0.0035544113211696
0.6551854068768970	0.0029277705137072
0.6552539214436917	0.0026746113079716
0.6552058213051343	0.0023211903385245
0.6551587749888861	0.0018829190554616
0.6551844815639687	0.0016884704927778
0.6549506794080746	0.0014636246493818
0.6547013102467133	0.0011962551978103
0.6543727907329674	0.0010665579210876
0.6541978746091046	0.0008586234278869
0.6539988562015116	0.0008617813315928
0.6537371883792135	0.0007704629738214
0.6535998028280369	0.0005957629212724
0.6535226891307933	0.0005753903445387
0.6534780620979439	0.0004870038317648
0.6532074193093422	0.0004313695547615
0.6531803362276150	0.0003194963938709
0.6530625261767101	0.0003713810251700
0.6529403088392295	0.0002732140734852
0.6529003696061849	0.0002374686890521
0.6527757372367262	0.0002501425650341
0.6527568560572625	0.0001495364806073
0.6525694945942887	0.0001200530807610
0.6525220481145111	0.0001460017454499
0.6524632607082515	0.0000433699507127
0.6522817614343340	0.0000741112104023
0.6523283202753999	0.0000924142447935
0.6521716795982863	0.0001572779861696
0.6519828224139161	0.0000537887720462
0.6518442950153136	0.0001101034120247
0.6518487622022680	0.0000602846489517
0.6518794362717165	0.0000359564572455
0.6517898888333032	0.0000237527096405
0.6518333736008778	0.0000622530401733
0.6517382228776499	0.0000336877947931
0.6516540331209930	-0.0000664395175079
0.6515388168961482	-0.0001030945515510
0.6516105686509058	0.0000284651190017
0.6515313583824010	0.0000614358629470
0.6515453071278926	0.0000271535220711
0.6516149281884506	-0.0000715322670976
0.6514933977874586	-0.0000339547283847
0.6514828166026357	-0.0000008853560270
0.6515491744386009	0.0000653521415981
0.6513833207056545	-0.0000235282326213
0.6513049601063504	-0.0000155050245007
0.6512453903592114	0.0000080274069809
0.6509218617524281	0.0000165667359822
0.6507853714541246	0.0000352095320961
0.6506796640660303	0.0000026372801573
0.6505004678427160	-0.0000353589026951
0.6503375818035883	-0.0000156448005160
0.6498959178708998	0.0000681148115264
0.6498773636305634	0.0000121475206799
0.6497879649074333	0.0000012393724251
0.6497396542116154	0.0000095889292889
0.6496515445894006	0.0000409216742816
0.6495775181876329	-0.0000188013846832
0.6494164396271043	0.0000111170028520
0.6489089357163976	0.0000183304639792
0.6482698330077363	0.0000075425093015
0.6474825455245995	-0.0000161781737061
