17.8095181941150860	-1.4105990964951471
13.0583279047259160	-7.8254825735300768
12.2811785517337420	-3.9660787459779532
7.2423669393485630	-5.4518495756748102
8.5370727749855941	-4.3048722098106458
4.3818519418465858	-5.0947230158433197
3.4513409543891926	-4.2511181139295777
2.5653305483029527	-3.8481306965600255
1.8229354307506318	-3.2131733841900010
1.3147167583439805	-2.8645087398167566
1.1484547914239693	-2.4459193004435784
1.3395080518512386	-1.9859774027867958
0.7968095224905144	-1.8077694517953073
0.6856475245964859	-1.5667126940836020
0.6636976229422477	-1.3489476622332539
0.5970248351833778	-1.1706607685095918
0.5488074606909381	-1.0154839851755044
0.5131806277020318	-0.8825954111402342
0.4808609401392038	-0.7641358653678176
0.4558580595128658	-0.6670477182122151
0.4337459118387103	-0.5770075899947122
0.4150606346568150	-0.5001263859786420
0.4013797687808859	-0.4331704975609690
0.3900744511991963	-0.3716521117085918
0.3818164343096797	-0.3232907784113938
0.3753765308690920	-0.2811232121104886
0.3683586899176801	-0.2449957345795759
0.3616141821934922	-0.2135530142473712
0.3547877665075837	-0.1864683255301991
0.3483694014658563	-0.1620299597533760
0.3394952879712978	-0.1367148731667511
0.3330129979580930	-0.1067366755928637
0.3621234734223456	-0.1074272878227918
0.3467462057545680	-0.0974932036965782
0.3406904089791042	-0.0850558852994756
0.3361956265083768	-0.0735116521801487
0.3358691795799215	-0.0653544250474079
0.3333053826147463	-0.0585473986779029
0.3307884400199419	-0.0522192514500912
0.3284636977863998	-0.0466754366827464
0.3268997166129039	-0.0417446397537206
0.3248664499406501	-0.0374491680186170
0.3248981252998871	-0.0337674475436049
0.3219124083016782	-0.0287505630060980
0.3205014241197670	-0.0259224074084208
0.3185626025081160	-0.0244092951365110
0.3179415720675621	-0.0225055865185763
0.3164960830842272	-0.0217482179802712
0.3154919152090219	-0.0210559804052756
0.3137774804772521	-0.0199849851083548
0.3126383461698701	-0.0190486473262573
0.3109576189783866	-0.0184446869470707
0.3091271822965894	-0.0180731169541606
0.3067414848582339	-0.0167149815721796
0.3057650664300512	-0.0146468373750860
0.3052874497669477	-0.0136938876024530
0.3041258180165892	-0.0111219479821084
0.3017333035112296	-0.0130378484136953
0.3019364644272363	-0.0132485063294067
0.3014385644775192	-0.0127956354703645
0.3003652548126969	-0.0128898458273471
0.2985377250809496	-0.0118672620889752
0.2977378318107575	-0.0120515145250157
0.2967321127952028	-0.0120221360810135
0.2955590345840669	-0.0114932721174004
0.2948775167842643	-0.0114231807523192
0.2950925921268093	-0.0108820269477038
0.2934872160846075	-0.0103931547784922
0.2907884551804151	-0.0122250409869619
0.2888907279828883	-0.0118003643368557
0.2900914660414711	-0.0108590198158445
0.2874993929283970	-0.0091133629451619
0.2995394866277958	-0.0185156646155725
0.2524113522599994	0.0317027837759741
0.2820391180703255	-0.0206864842577413
0.3042007619163097	-0.0143198232628599
0.2766514074291560	-0.0031194708775635
0.2861614734621828	-0.0042455512575098
0.2678099271828127	-0.0048568717140063
0.2764786827445024	-0.0086750082458528
0.2890549831779671	-0.0068350883043046
0.2866245715074169	-0.0069120011360068
0.2784481494159210	-0.0083786096944825
0.2755504836783607	-0.0066900099312317
0.2779317826911473	-0.0072298853746113
0.2706266349450307	-0.0080242541847100
0.2688011665705641	-0.0087343172390773
0.2728526257378887	0.0028759295136164
0.2652057880277467	-0.0134241532107845
0.2750967122011659	-0.0120958243244793
0.2700751312018545	-0.0069917052548974
0.2659084973517098	-0.0114273688846039
0.2796618239807358	-0.0034281740465987
0.2673228375269191	-0.0065429418511729
0.2705134869264367	-0.0031952212483714
0.2698954592756725	-0.0037209713440588
0.2600183292543848	0.0051724154664779
0.2671197761556243	-0.0040153610568765
0.2656051897441458	-0.0086392932040011
0.2625463241820346	-0.0042743797002679
