7.0804176086401496	-5.4018060910696732
3.6449256412802455	-3.4927105853326621
2.6935679775274122	-0.4430677770616133
1.8830170348744857	-0.6615538531451768
1.3313107648405216	-0.5581085501182925
1.1209962260879636	-0.4303806919971722
1.0055152303105563	-0.3327863964082486
0.9664695506759370	-0.2125589558416031
0.9311249154634945	-0.1390409555950087
0.9376061009353933	-0.0909079457469406
0.9400216215019258	-0.0547179068441021
0.9446689785662815	-0.0571527797851439
0.9384222409110140	-0.0357309936931012
0.9426280782397633	-0.0378918397164140
0.9504153727970658	-0.0232726524171755
0.9507385430613159	-0.0135222867420986
0.9445437554494425	-0.0079052582804692
0.9475543554549317	-0.0108921242922168
0.9490687000774722	-0.0081688417144105
0.9490259018796874	-0.0051859419717360
0.9545408970719428	-0.0048246525495977
0.9549375896007796	-0.0049884980138188
0.9504337096240425	-0.0035068197669212
0.9571995425368428	-0.0004536241718843
0.9544918233942434	-0.0002728319502295
0.9542463775249243	-0.0022635701692248
0.9561862092826590	-0.0031758875978043
0.9572763268221319	0.0002257447161206
0.9583243154186060	-0.0020019989483978
0.9608247346278572	-0.0006761710064541
0.9592059541304832	-0.0003115249736586
0.9620206876830191	0.0010106742937709
0.9610034978797458	0.0015680813701913
0.9615100029967826	0.0030576524999641
0.9642020204252942	0.0037771226065430
0.9697094885526424	0.0042497644952143
0.9729854127690126	0.0046644373132170
0.9739007248515268	0.0056737341961395
0.9767300002688990	0.0057455134742634
0.9761374991859108	0.0061968276246178
0.9769155740415471	0.0069003879290862
0.9774686584370771	0.0063124259069370
0.9784102586164639	0.0062420720949104
0.9806419167014813	0.0064042113244519
0.9815958181607012	0.0063904272772868
0.9873033441780902	0.0062152731542854
0.9889696688961349	0.0060037980766878
0.9897491853708678	0.0056307399023991
0.9911643172537981	0.0052760819191474
0.9929482240127058	0.0049074273935876
0.9917849378775715	0.0046462032649171
0.9916289302095319	0.0042309354494690
0.9912512713528092	0.0039080660533572
0.9915911832281408	0.0035045734959065
0.9922083214611213	0.0030838529256513
0.9913073222434894	0.0026696416814854
0.9910348802675094	0.0024730008690778
0.9906335337314225	0.0021986889819410
0.9906833014382008	0.0019901427712700
0.9915485954306552	0.0018389420151706
0.9912307144856144	0.0015654192582029
0.9913559911953080	0.0014906852830621
0.9926530982716668	0.0012762389091989
0.9967544639710986	0.0011554681948474
1.0000769655315545	0.0009638100728139
1.0018106211161069	0.0008228274207549
1.0029777258748680	0.0009956358547678
1.0044514415485268	0.0006685381682628
1.0039507527020548	0.0007773473765440
1.0027491997872839	0.0006159221277915
1.0028701162719986	0.0005442460322362
1.0026707916403013	0.0004257067710645
1.0023941577145925	0.0003333185233544
1.0038377125106905	0.0003218078956902
1.0041219141280691	0.0002807040958262
1.0035346075460081	0.0002728476191512
1.0046847244799872	0.0002875024975059
1.0042288235841677	0.0001320199388242
1.0034332519674960	0.0003512345651441
1.0030006824911510	0.0001429782497579
1.0063537891240180	0.0002012606969701
1.0085288759373265	0.0001471085612675
1.0088449161969282	0.0001185800355338
1.0083184255648696	0.0001143140687145
1.0077515997515405	0.0000588893756508
1.0077388141014088	0.0001605846929945
1.0077812222084181	-0.0001323668238359
1.0076684335831578	0.0000626563899835
1.0078517759143029	-0.0000107169616240
1.0079619385854586	0.0000913444342143
1.0082555530336643	0.0001685141884720
1.0115762330888107	0.0001591899322781
1.0125130155735254	0.0000296441535758
1.0166147328118627	0.0000215475660772
1.0199731874851179	0.0000346532320675
1.0207977050791492	0.0000518697530009
1.0215451627523993	0.0000569675999751
1.0221661940921543	0.0000074573248852
1.0261375011435496	0.0000434988101323
1.0296467861997023	0.0000301703497615
