18.2546310946735560	2.4855247315622533
18.1264341676017620	-1.2887983303992157
12.3595821973129690	-5.0027151495680817
12.8887737959276120	-6.0098371574948768
5.8618622750127800	-5.4553043237146124
4.4072883368644371	-4.8662035339673295
3.3844026923357524	-4.0720531407048819
2.3014882813199704	-3.7038388647960665
1.8582158503114190	-3.1678601840121750
1.4657759315794243	-2.6803554897470407
1.1960339125367150	-2.3801211996681406
0.8438427944902764	-1.9444587636701425
0.8264828131320439	-1.8046689481067224
0.7274166660164260	-1.5716452299717247
0.6583324023652057	-1.3438597109502599
0.5831525032133811	-1.1571527239996573
0.5615714199803764	-1.0114912461386014
0.5234441221675253	-0.8783793994385722
0.4924447359522264	-0.7612342061602989
0.4661941809131039	-0.6612938500317283
0.4450715860426491	-0.5723760735582570
0.4271365797550719	-0.4960122685152836
0.4128865621436206	-0.4283926190316397
0.4020000781898913	-0.3686417903581723
0.3937566529179360	-0.3204721435705997
0.3872700667711950	-0.2774667731007057
0.3804881881997673	-0.2423161393597808
0.3738634716060159	-0.2111701586109302
0.3651970148800058	-0.1873989652144991
0.3606493049052523	-0.1594025774817342
0.3520480389749442	-0.1349359543315671
0.3456954775136540	-0.1050211243484370
0.3751675947110563	-0.1050676805600447
0.3595192985307919	-0.0956458835008644
0.3541548190482779	-0.0842673484760044
0.3491778217818761	-0.0715790167942746
0.3491979843132468	-0.0637663681151925
0.3468750886920605	-0.0571151296200574
0.3443701223536747	-0.0508004453454799
0.3423304395047297	-0.0453258773872643
0.3408217712592086	-0.0404337411236008
0.3394036379867788	-0.0365644978862069
0.3374432497208004	-0.0328730299058978
0.3359009742084105	-0.0296599682875424
0.3350183778310087	-0.0271139838772884
0.3335208421446620	-0.0249781063163127
0.3317346255237046	-0.0233114021753238
0.3310367498255866	-0.0210677693532119
0.3281528794778629	-0.0208334356641640
0.3268896752932359	-0.0174494378257334
0.3262620270907501	-0.0159151975126108
0.3219969261747256	-0.0167001608200714
0.3251655500811437	-0.0165023709772321
0.3190200794676892	-0.0172929104415528
0.3200996060206255	-0.0126011167639852
0.3201737507274878	-0.0118770058111700
0.3189793504089313	-0.0145435075676508
0.3160982810305424	-0.0134786980054976
0.3171358151166652	-0.0117018968770243
0.3162681085906798	-0.0132836660647375
0.3134624353449145	-0.0134906653881238
0.3114492292231746	-0.0117167332151686
0.3114314690532314	-0.0127729485823347
0.3034504614088715	-0.0082474890166625
0.3077315642781656	-0.0182914699089104
0.3012162952453844	-0.0105593961628227
0.3134008569334965	-0.0151188021178649
0.3034563281549578	-0.0057059213585526
0.3039735362951931	-0.0170628841652907
0.2991674636796699	-0.0067183809854311
0.3010060871304348	-0.0035221366388092
0.3025527832120973	-0.0178187136281715
0.2840355871921580	-0.0096074728052861
0.2733282796939329	-0.0120548850055650
0.2959171732613135	-0.0009296978787944
0.2870620712959073	0.0032367763684168
0.2927486825475972	-0.0199056724888328
0.2929234357016896	-0.0079764626028728
0.2894116662993370	-0.0235060215901776
0.3066605347890216	-0.0138327871483434
0.2986623850775861	0.0005116808452375
0.2839304870545735	-0.0001384077758460
0.2947369450595628	-0.0171571559941063
0.2852907581813010	-0.0002635603216975
0.2914858897625514	-0.0152186893402506
0.2805251673369227	-0.0041471232853014
0.2925975137241029	-0.0015386139217292
0.2873693287225826	-0.0130223971819976
0.2707328815837388	-0.0102417898824702
0.2803048998441204	-0.0001713251231071
0.2838652445561500	-0.0039004233193624
0.2883689732332607	-0.0043207883767665
0.2869958129498429	-0.0107916530395226
0.2830930053113266	-0.0081355317140919
0.2804549750946629	-0.0068333106503029
0.2785001964522420	-0.0085380666410219
0.2641499140917322	-0.0029987163710231
0.2725978431685945	0.0145319191832384
0.2966362965207616	0.0107402359489345
0.2973799401171051	0.0020355400851617
