17.6282947381716220	1.8909199383988555
16.2702066167705510	0.1600397595378164
11.3758087263434890	-5.1646069336994254
9.9383708802443618	-5.5016831474060375
5.6257196978036212	-4.7460345101989647
4.1654095462994789	-5.0516122417205391
3.5151785888135794	-4.1381252373986257
2.3442961068148400	-3.8789194366122466
1.8605308332569510	-3.2102853323233513
1.5400095130959450	-2.7325940060935361
1.2164123001183220	-2.4207588971177199
0.7765498846430294	-2.0065838727730907
0.8659489175203051	-1.8334947377892830
0.7886021793800103	-1.5761138609750049
0.7100870279912016	-1.3488596697552870
0.6314127831028403	-1.1734389488671448
0.5999277128740642	-1.0158301309975331
0.5696392978282859	-0.8817297741985499
0.5351775108778129	-0.7714889438045909
0.5067069387065212	-0.6646301757260735
0.5072061371661006	-0.5782226559623243
0.4505809758185409	-0.5160008781151589
0.4513621938701446	-0.4521368872425133
0.4405632125848029	-0.3875571635628176
0.4462037477996464	-0.3123961700626902
0.4172954806033711	-0.2873454773300489
0.4131430440982511	-0.2513872561527362
0.4227048285653977	-0.2054109740929167
0.4006679492461583	-0.1814506122718592
0.3933830412709156	-0.1615208345370201
0.3948954211562156	-0.1424107394076901
0.3858732687686556	-0.0976514777371348
0.4085293851134735	-0.1111926092917716
0.3981115213790233	-0.1043722258937893
0.4022097956663539	-0.0825796731155512
0.3879868763618018	-0.0777370546967235
0.3958853285287005	-0.0587362779690016
0.3925716898979500	-0.0638750998654324
0.3836331930237072	-0.0441465324652724
0.3788464088665136	-0.0422354865869783
0.3854210566447701	-0.0379791963579546
0.3788357846713572	-0.0322856935107133
0.3797594484265049	-0.0298748334014815
0.3804528942082637	-0.0316084668337173
0.3800710554505802	-0.0261095892271017
0.3709463944167364	-0.0258119718831984
0.3700680661549691	-0.0213626130690350
0.3726137428617531	-0.0230596018456369
0.3701372907955754	-0.0199664386763773
0.3707106253346774	-0.0189070886131369
0.3686804975838419	-0.0178988845422662
0.3663584243730259	-0.0172423454362740
0.3644371916428253	-0.0165443506359830
0.3622343306711064	-0.0155901616285469
0.3611106650983241	-0.0139442832781623
0.3602483771697198	-0.0128124368466424
0.3592230753633144	-0.0122359297500114
0.3588174812447700	-0.0121848080227063
0.3576003316911627	-0.0121562210408746
0.3569089167285101	-0.0122620119219687
0.3560329880631948	-0.0120889220171528
0.3540148518313221	-0.0122087480970643
0.3529335456818828	-0.0119042410742047
0.3522067443541247	-0.0114773074112770
0.3512578619730374	-0.0113931602242931
0.3489289173775050	-0.0111972645821396
0.3495926203800996	-0.0100396186806898
0.3470397943716396	-0.0113162735437617
0.3461227019643451	-0.0111463435344879
0.3433163314795870	-0.0124645422010120
0.3414516581761580	-0.0105618918783413
0.3423885548097808	-0.0088139010738301
0.3562660539324208	-0.0182522770283747
0.2794801126452166	-0.0179319552028104
0.3161059478043221	-0.0215326017792517
0.3447237172048641	-0.0338171869145259
0.3395156415867033	-0.0110503022974169
0.3381984813028945	-0.0177922584644940
0.3441764540060511	0.0034511936189062
0.3402200038722181	-0.0053211038317180
0.3202317218883927	-0.0188182998712230
0.3188383236261090	-0.0112867094330028
0.3303776247811766	-0.0067074351485559
0.3334889250883964	-0.0088278488324845
0.3265423830792782	-0.0059554478834602
0.3264359065074247	-0.0063162194934077
0.3300320506148372	-0.0086316684706858
0.3246895256209686	-0.0071353304662685
0.3245952045123879	-0.0233361685308250
0.3254933414209316	0.0014230158287809
0.3243593069490852	-0.0051150771975258
0.3148853151088283	-0.0003117920151604
0.3326964975341533	0.0039157990000101
0.3380798884776721	-0.0163631446344145
0.3189294393446321	0.0017346730503359
0.3174685064686187	-0.0041629523068051
0.3196667319175436	-0.0066689883402716
0.3177307201959879	-0.0183845045818919
0.3344772844831886	0.0360986725757387
0.3059918980770737	-0.0089329711843150
