14.8676001972851640	-0.0348442325132036
12.3263628203122920	-4.4670027733022915
10.7831626862529340	-7.1648970414334459
7.4213401824094909	-5.8863987717674418
5.6851215930268504	-6.2285985865028906
3.8266844018976052	-5.2617138351860602
3.3244776434827559	-4.0148239393040521
2.3303745377357967	-3.5807498451001813
1.8539544364312133	-3.4692017586322716
1.3200011148565958	-2.9401811244500129
1.2137215319444918	-2.5971835580283988
0.9109536935857588	-1.8716030533115602
0.9297305321457454	-1.8065584956903793
0.8311416795207004	-1.5195257367205526
0.6574479217297495	-1.4663980481592367
0.7113986588790217	-1.1528375053866493
0.6053179583612669	-0.9408312515340227
0.5403780409487167	-0.9377099773172659
0.5158259786547085	-0.7887958660079105
0.4940954614210282	-0.6679384839992044
0.4717286507143203	-0.5782769062911475
0.4546798874962524	-0.4999377450157120
0.4413287595173309	-0.4320159637459459
0.4308287428930123	-0.3710955157663674
0.4231115419404285	-0.3225843946805606
0.4159733513484727	-0.2792508519365182
0.4102293180391991	-0.2431989847776651
0.4040782186243668	-0.2120328824568227
0.3971259221635917	-0.1848546263822318
0.3912656851982037	-0.1593387033413592
0.3831300705167924	-0.1344768860639999
0.3768632548520806	-0.1057253904160712
0.4039323515783115	-0.1051592293237208
0.3900821965232240	-0.0944933442358223
0.3848471988568139	-0.0828400902358051
0.3803130230741380	-0.0708063733158046
0.3808405774909697	-0.0628529671361038
0.3783741698222064	-0.0558681947507743
0.3760181707321553	-0.0497554255650969
0.3741886088339835	-0.0443251639327052
0.3731256241088799	-0.0376514805902190
0.3741610306677707	-0.0340605675293458
0.3745235844359155	-0.0342821217526820
0.3689998032903172	-0.0337171494339991
0.3690516134572247	-0.0308352395219387
0.3691843838505872	-0.0266478850857408
0.3654651722620528	-0.0259456449176231
0.3635205435114702	-0.0187059624801792
0.3601549343899652	-0.0208324929727646
0.3607214117535074	-0.0173145927380179
0.3590302309821858	-0.0195919992407901
0.3585451805990084	-0.0157712466111438
0.3569577968914775	-0.0177354065104897
0.3537823887715748	-0.0228202901573757
0.3522724882976768	-0.0156711060945876
0.3479942893492958	-0.0153822750404795
0.3488119939813322	-0.0171931979684299
0.3458913285259680	-0.0130143515470958
0.3470409317854719	-0.0099708196794822
0.3528973548933700	-0.0117322632238602
0.3437127347908761	-0.0115065598605049
0.3498539595564709	-0.0091074045542403
0.3483671710281904	-0.0101546248941002
0.3444177137188842	-0.0087886880909222
0.3471372166326004	-0.0135689652053736
0.3418949404487445	-0.0092274299609680
0.3452736522132985	-0.0137299277047427
0.3431588535885907	-0.0124157498604597
0.3372098093030006	-0.0120256560797872
0.3374199345399042	-0.0093402822222789
0.3368109801990177	-0.0097769420939422
0.3309527255873402	-0.0094676374181836
0.3451859475734724	-0.0294298467378229
0.2511976532010536	-0.0227790338926385
0.3141510445859448	-0.0017137125173652
0.3158795532864485	-0.0125264809864643
0.3386659229112464	-0.0021885387644582
0.3213230364088914	-0.0147744209749562
0.3343063598128255	-0.0184403427757003
0.3206727364192685	-0.0134847408861618
0.3153870421143705	0.0062678651314585
0.3234993717185236	-0.0007360092480001
0.3263783891554323	-0.0085147409867932
0.3214431669928112	-0.0033069021621640
0.3195918925188399	-0.0110913320833763
0.3069029129597143	-0.0196746818735496
0.2993029020307246	-0.0028797212845815
0.3055715194443066	0.0079952997414066
0.3222425688569295	0.0108182901784231
0.3319625565640004	0.0061892426560129
0.3297879009483205	-0.0109805407158387
0.3305006259046722	-0.0138551521523812
0.3161373865593627	-0.0201361895657677
0.3210160205104077	-0.0104304065920530
0.3125953315513138	-0.0151139383896205
0.3139961336808655	-0.0149359443220991
0.3060521735501912	-0.0141067711227869
0.3104076640185091	-0.0120883544262870
0.3018049174465671	-0.0319120793416680
0.2931501995249837	0.0058987258217577
