19.8891530111453320	9.6607957332053545
13.7422456006425600	2.9796412379621806
12.9635144061437850	-3.9567128363181840
7.9386080562857266	-5.6232124493459104
6.2131976790598911	-4.5673798863032884
4.3100654754021743	-4.9685123387300418
3.1595924851077219	-4.6930036928509979
2.6272462417164686	-3.7033920946852779
1.8029377296518365	-3.2523185031627859
1.3028954727092468	-2.7820815197627269
1.1356790058148118	-2.5015821265730955
0.6890831678216904	-2.1922963504929807
0.8003890296493996	-1.8241831204022041
0.6973898663187528	-1.5803385446225511
0.6229408485169723	-1.3772539164367932
0.5629371329856803	-1.1682116547937880
0.5359398876413259	-1.0259018168580314
0.4983311941631653	-0.8876208334155474
0.4658946422791918	-0.7703164615281506
0.4397372980044879	-0.6687440589950315
0.4185071941131318	-0.5790700383915721
0.3999956177311811	-0.5016401749619890
0.3875010596172060	-0.4336029489499018
0.3747291139076751	-0.3736507252057443
0.3669241947726005	-0.3246144549107585
0.3602193140276123	-0.2818868590425512
0.3534977054636674	-0.2460832840143693
0.3464438817833735	-0.2145520562888665
0.3380242660699599	-0.1878203206207475
0.3331905080972698	-0.1625392966496751
0.3238867691152064	-0.1374339498812968
0.3182437225700650	-0.1073250006952813
0.3470463538190473	-0.1083070680822477
0.3313365040450684	-0.0982606306529233
0.3250509928595956	-0.0871550252099391
0.3205842852874589	-0.0742169315865402
0.3207732479397014	-0.0660720403972788
0.3176991169366409	-0.0591918315489714
0.3151706097337437	-0.0527961711180783
0.3131147497990561	-0.0471393610687020
0.3115241279108041	-0.0423542414395852
0.3108545574462645	-0.0367450568418071
0.3075342369506592	-0.0319307898918966
0.3056707056623427	-0.0286839736482179
0.3027759690227028	-0.0290188229177151
0.3037287182614889	-0.0245912901562085
0.3018400996618944	-0.0249367871784358
0.3003205335819764	-0.0226331900282422
0.2995815924344092	-0.0212235774150036
0.2982004920032750	-0.0202364569069967
0.2969829705074225	-0.0192986173551481
0.2953049205896949	-0.0186023840179455
0.2936366304291119	-0.0179096186419240
0.2918106221107805	-0.0161533688356256
0.2903962097582412	-0.0147995966090980
0.2897802831402172	-0.0138583128567426
0.2882998882090033	-0.0132499594543050
0.2880456666912608	-0.0130743186707138
0.2871247749513699	-0.0130263826485544
0.2861347778785729	-0.0131443571935257
0.2846219852159347	-0.0124510487717659
0.2839519233367437	-0.0122987598270219
0.2826693874412180	-0.0120094365481657
0.2812675515690606	-0.0122045961951001
0.2802811645444767	-0.0118292195580625
0.2798423005599704	-0.0113905264705881
0.2803967451721641	-0.0115584065203856
0.2773032148380542	-0.0114932388064893
0.2748927664032768	-0.0114635227554196
0.2732631704484189	-0.0101352472087790
0.2752025485134926	-0.0107720943057211
0.2733134682028265	-0.0097118262376250
0.2739282920576734	-0.0223405266165974
0.2487399369345195	-0.0070992407196018
0.2560352051863588	-0.0269206471014399
0.2891793904126298	-0.0143766686528720
0.2657185982872720	-0.0141663100238169
0.2706528340701793	-0.0098812014641153
0.2571941848593551	-0.0015159167359296
0.2699885949737466	-0.0148215903929527
0.2730896838416440	-0.0144281077973156
0.2705354247592797	-0.0152174449831612
0.2602841207557939	-0.0096338618239453
0.2596384997754465	-0.0062519580657973
0.2619954487840249	-0.0111194497911363
0.2589020155660332	-0.0057932726610997
0.2560789785478204	-0.0126260523393909
0.2535450886859617	-0.0027413881445424
0.2479723077685541	0.0030303972435903
0.2544023933363135	-0.0030885280898765
0.2528635032628950	-0.0101483118058596
0.2536518147474967	-0.0051000321552691
0.2556165357720179	-0.0145332429187819
0.2469981910924153	0.0019636525347575
0.2579218935080153	-0.0090571189914267
0.2499954114025341	-0.0042263124893901
0.2545194430494649	0.0101882325200032
0.2563310664564485	-0.0069401489818661
0.2458128086000679	-0.0124033845794807
0.2571991812877764	0.0001946423076558
