34.0684490010502760	77.4302986631042810
32.3484614059089850	74.7753917682081100
32.6089447722616510	76.8490794610233650
36.2857862014984750	81.3379783010329050
44.2715441202703910	85.7719271446508740
52.8778243146651970	89.9803493272221860
62.4961635221037640	94.3414357932477970
74.3294445473319600	98.7703308361175230
87.8052566594141130	101.3410843405309500
102.4161256017852400	102.5054994287821900
117.1600779908256400	101.2006212720360000
131.3839475433538000	98.0864150193166890
144.6321510372867700	93.0133039301476710
156.4345117397597300	87.2305471431742920
166.7419895241427500	80.3288767968646620
175.4546906062369400	73.2172746704850110
182.4402070983232100	65.9919812068044540
188.3026755702108200	59.0003508142014820
192.9721220048924100	52.5795552185218680
196.6469330585671300	46.8127438574024520
199.3544754446242600	41.5627417987095530
201.8555088641044200	37.1243668828274450
203.6619289909732500	33.4265181836729540
205.1312110211706900	29.9263232971505350
206.3349476419244300	27.2205817380026640
207.3551512125555100	25.0086581166310720
208.3516263895618300	23.3426638426712890
209.0660231985132800	22.0892362237749040
209.8430272004057100	21.0895893498066940
210.6222941351788900	20.8467098586782060
211.7415457854317000	20.5006056375355460
212.3524960637131200	21.1792293973730170
213.1080043583555700	21.7620470267681510
213.9862478505413900	22.9673630532999270
215.4892105374894400	24.6214207739836300
216.0951042714249900	26.3583028691439940
217.3980055665258800	28.6041833023644860
218.5959519343335300	31.3974558506194480
220.1734393313593600	34.7439682492656200
221.5778534355330900	38.4659735014038520
223.4799457120471100	42.9009311258930810
225.4037096743310800	47.9082551780944780
227.6792454148978800	53.5360341962415660
230.1053851568810800	60.4212265479026770
232.7471487702738700	67.8810723459231300
235.7102917219457400	76.4378928145494570
238.3834995800843600	86.2473792790170680
242.4428856332519000	97.8876263182178260
246.4842881877426900	110.8434457053781600
251.1128145543525800	125.6463157164565100
256.0913996380738200	142.7030110656830300
261.6843275702829000	162.2830030364511100
267.9553490482189200	184.1608885048728200
275.3266156259198900	209.8342310369149300
283.4413791859298000	238.8495347148043800
293.0236980698939500	271.9974382282194900
303.9149256458498500	310.1752617630065700
315.8280748688643500	353.4793362883538600
330.8885457341622800	402.6204476044513900
346.1119894672905300	460.1881962584237200
365.3829517686584200	523.9336316245935400
388.1532257527629200	596.6068809039715000
412.6156782729970600	682.2073601071753000
441.8698659660253700	777.9079421177461900
475.2599755805125600	886.8980675162922600
515.0604704157668700	1010.1576942710799000
560.9024732322311600	1150.6578914981146000
615.7521130066850200	1307.1743992584370000
676.8291108655093900	1488.5979127959035000
747.0347170464667700	1694.3648929760191000
830.7800902883104800	1924.5895614743188000
928.6144349652970500	2186.1430044460039000
1039.9828424296793000	2478.1877843587299000
1171.2392972750874000	2811.8992896311725000
1317.0770233579924000	3177.6805571391087000
1490.2610065673362000	3597.1851870753826000
1686.8796719640343000	4062.7140941099487000
1915.0107943488215000	4591.4573460993961000
2176.4091926440633000	5178.8463022328460000
2464.9466657722055000	5825.5286222389377000
2799.9750169819122000	6553.9994352982494000
3182.3054251414355000	7379.8311558537489000
3606.3786621721297000	8277.2353354793195000
4091.7823042294240000	9309.6948916848633000
4617.7731138537301000	10432.7166146764050000
5226.9678776700894000	11710.1580519711640000
5924.1371233538976000	13111.3729606616630000
6606.3962794742019000	14707.6213727184130000
7438.0715295966393000	16508.9534542800900000
8360.6404091548902000	18511.3207731932230000
9351.9834638306074000	20741.8547427258930000
10513.1556952756050000	23367.9756467775880000
11738.9866725797270000	26137.0899627473700000
13143.1159113067330000	29405.6272564900360000
14717.5638667055390000	33066.8408373460190000
16503.0428913514220000	37174.4086084022060000
18532.0310610754820000	41962.6112188586780000
20693.1233251718550000	47052.1032250763600000
23256.8277682278020000	52991.2881944595720000
26049.8801352903940000	59647.0159674780440000
