19.8457285365524070	0.4077995836706440
12.6269669721979150	0.0877904150220672
12.1327244002518330	-5.9392862347726600
15.0942450592299430	-3.8562226900423195
5.8757236569206031	-5.3505609583639657
4.2237854829930654	-4.9884820528366092
3.3898029492112500	-3.7677263886440997
2.2890399348099386	-3.5051458994764499
1.7428982097708821	-3.3589040808466311
1.4223945704154490	-2.7878739679283346
1.2012544001723982	-2.4840114352012956
0.8328602145461165	-1.9088041879860740
0.7964228742402963	-1.8693455626132414
0.6800158602512070	-1.5333355844861420
0.6939295189290858	-1.3053147520802739
0.6285094885092764	-1.1585414457636516
0.5438014903530305	-1.0384544001268172
0.4951407504288719	-0.8579525661606595
0.4651400334785599	-0.7422275670668073
0.4391617274232452	-0.6557918485337234
0.4441209179924148	-0.5449613156269219
0.4192647212870320	-0.4718689288485645
0.3924258858597640	-0.4458347771998334
0.4254579963632298	-0.3712948257942417
0.4080419792611861	-0.3337758937809620
0.3780515907985704	-0.2894072882900798
0.3675485367365181	-0.2361925533672713
0.3898922019315846	-0.2064656190118395
0.3573592393589211	-0.1834078416464878
0.3592451242721940	-0.1477457838537616
0.3444052569668775	-0.1396232690614556
0.3440211861823047	-0.0957162253497154
0.3667077860790163	-0.1108019571314687
0.3605642272003349	-0.1071713777384840
0.3584135719568967	-0.0942471575114631
0.3436385750059652	-0.0643492648411455
0.3460746462916781	-0.0553586113838127
0.3552750848986712	-0.0517952400434740
0.3432630721143355	-0.0422939147871047
0.3417964947744605	-0.0534159818257616
0.3453284721349811	-0.0442827940718873
0.3359766829410782	-0.0428161070076685
0.3305286191188796	-0.0320790885505111
0.3324865040369812	-0.0373627591348695
0.3336290638641555	-0.0355570483830119
0.3359501265149064	-0.0224094089667180
0.3240936258590341	-0.0265171485531281
0.3311235279121870	-0.0268799109767958
0.3248015806919707	-0.0252359952978193
0.3250035026298733	-0.0224770630121617
0.3217743650135499	-0.0170307350946848
0.3210568738055266	-0.0212191657500421
0.3166404014154415	-0.0176507142692801
0.3154745533488522	-0.0187148822460040
0.3126088310276759	-0.0165591400066989
0.3126647489935680	-0.0131186108883269
0.3146142263348066	-0.0138094805950290
0.3191888568922333	-0.0200804836784591
0.3146425884000235	-0.0159748629220125
0.3117818055256867	-0.0099397080967754
0.3039890664921827	-0.0139721172955246
0.3050030501716747	-0.0166940429233075
0.3051951415703305	-0.0119045988280555
0.3034560940357407	-0.0137939637736284
0.3010566000740533	-0.0151325582790368
0.3042171272881257	-0.0108022976393004
0.2972091250709033	-0.0123394840436400
0.2977418187223659	-0.0108515860841405
0.2961295825179685	-0.0115993288015203
0.2958941925200644	-0.0106782367590003
0.2972125895815898	-0.0077487943055132
0.2931175210470187	-0.0149739758620978
0.2836458859048591	0.0017125322769655
0.2813740620365552	0.0121012673677008
0.2898757470633310	-0.0193567042935680
0.2718475782627423	-0.0017668598828494
0.2982382459381258	-0.0174927564834590
0.2802231945153725	-0.0110155568009160
0.2932706175786716	-0.0238249689921111
0.2943949129595684	-0.0121800633073565
0.2788035558013046	-0.0021144069646327
0.2761878710219857	-0.0022186635099045
0.2834477973887088	-0.0080839280212938
0.2821302158463204	-0.0096797757008094
0.2824890957390678	-0.0083765803704053
0.2800818839367627	-0.0092061065606160
0.2748247276758211	-0.0071613430312660
0.2816115207224831	-0.0139826069746913
0.2728671464175567	0.0105455659394726
0.2663906634704906	-0.0006684600235128
0.2695174742802829	-0.0014733149687481
0.2766689368030212	-0.0094084451869439
0.2793004371609469	-0.0040670665770378
0.2609432913946042	0.0054994501855723
0.2949011971879880	-0.0139397343952782
0.2724027789730844	0.0058458708564699
0.2539766668115623	-0.0094506852057524
0.3128394798209116	-0.0086662645296024
0.2811059888810436	0.0169478857549905
0.2591261474433602	-0.0068713290942885
