18.1434863091975910	2.7969923541634039
12.3115429643977770	-2.9593242794325878
12.7345373812109060	-5.4200681477365116
8.9767831631699782	-5.9132050252850510
4.9517229764457671	-5.5910708126780984
3.9095824677657345	-5.1361112395070236
2.5319582781988834	-4.2392420463547600
2.2269404850627548	-3.6602962591930495
1.7006507652940239	-3.3034042439127242
1.3888071867790699	-2.8467706201071925
1.1208481279995646	-2.4500194249192124
0.7018404858118703	-2.3163176170628423
0.7869558509225125	-1.8166619328516320
0.7054915745242320	-1.5652763350099155
0.6465501907313339	-1.3596810255712304
0.5999208984867357	-1.1910931111502143
0.5543147589189748	-1.0204912388107650
0.5228419696361714	-0.8835700918994718
0.4903401157361840	-0.7690223461711370
0.4673595600638226	-0.6660101883397664
0.4468369397230138	-0.5774852427996294
0.4285022046757036	-0.4992130575785968
0.4146038653789709	-0.4313168967486113
0.4053474610337970	-0.3709546271096792
0.3970899509728877	-0.3224025117427034
0.3902458015740125	-0.2789424844221366
0.3843501546258034	-0.2432681029467601
0.3780573772729203	-0.2122991616740526
0.3688463900468526	-0.1836300232918483
0.3653491752333258	-0.1602642582486533
0.3568383015685778	-0.1357206249259147
0.3509423683388350	-0.1071282188118795
0.3778149259427547	-0.1054192570254480
0.3634920150475773	-0.0957840580732106
0.3580255960877015	-0.0832106926066006
0.3535283541595463	-0.0719547764586919
0.3538607197154545	-0.0636440269733709
0.3514229654191480	-0.0570267342086012
0.3491738631553784	-0.0509030738656127
0.3473135207887360	-0.0454727915794880
0.3457807368644252	-0.0405188541865112
0.3440042369183902	-0.0365356074184393
0.3427585854625087	-0.0328644913429834
0.3411904295550565	-0.0298657305659011
0.3399555030683172	-0.0269022187712816
0.3381046587717751	-0.0250352306843891
0.3366242064084970	-0.0238236543282948
0.3372832629869332	-0.0206698134406965
0.3372174708991877	-0.0206235796329081
0.3353563134548533	-0.0174034338649088
0.3334963948612005	-0.0166520333089001
0.3322842490601813	-0.0185206639896925
0.3277434036012750	-0.0177947619480971
0.3276210470199791	-0.0166018583527298
0.3319149813668021	-0.0189645382706518
0.3308901045329131	-0.0121227409270379
0.3249985152867427	-0.0179718498815625
0.3200883897591344	-0.0153891976400086
0.3273010911790806	-0.0097619053109983
0.3176840274460241	-0.0113688201920418
0.3183255174052214	-0.0154591683560978
0.3228551770767024	-0.0136517484739607
0.3160839561570858	-0.0125208629978364
0.3202759282900708	-0.0129211501785327
0.3142437432926067	-0.0104811601044164
0.3171122383601025	-0.0138718530506961
0.3163099823441773	-0.0127483174373756
0.3158742554639492	-0.0134367063624909
0.3114165628075264	-0.0103716026834468
0.3130346996919596	-0.0132097299594101
0.3064781767577396	-0.0117275008772672
0.3088479088845503	-0.0082540252182508
0.3154568110850340	-0.0215198794642763
0.2601117403654136	-0.0037798196650745
0.2928937067592988	-0.0121482291503168
0.3012668910801265	-0.0273877997996868
0.3028657821183895	0.0018339080390374
0.2996200070789523	-0.0157480125114006
0.3186596498386988	-0.0106372704242685
0.2902397582172586	0.0037638631092203
0.2975812798122107	-0.0163114169590175
0.2840933141845681	0.0002378110745021
0.3048524147059865	-0.0170244083431711
0.2999060001285883	0.0003809324088528
0.2937123981434779	-0.0120050739722253
0.2984496612144862	-0.0130220562605866
0.3022009082552595	-0.0064912672376021
0.2979177306064410	-0.0031438935494481
0.2981697713638677	-0.0031894081233216
0.2926844968717469	-0.0068518597573111
0.2926895857676884	-0.0100557863009038
0.2903131555035349	0.0055762571779973
0.3242845601508164	-0.0237766296754286
0.2999845524545160	-0.0250436090244280
0.2904480823644903	-0.0199939542224096
0.2752029848888048	-0.0102897705124225
0.2814041606892924	-0.0191946033527583
0.2814059743937605	0.0089922349508326
0.2870118468009721	-0.0139761638359926
0.2598849597692727	0.0056983995164396
