9.3758057499999428	-3.4568481271183336
5.2921604749847049	-2.5646137564666844
2.9038353169606941	0.4635446603927045
1.8979289970142008	0.0021837960262730
1.2180106039630398	-0.1134414391373639
0.9399279418375132	-0.0545122428995879
0.7874325776808487	-0.0013960816262599
0.7243822286475911	0.0749427488067839
0.6929170869306468	0.1098932330604839
0.6789392115792390	0.1277377726701183
0.6715439454926788	0.1279084662031651
0.6701683008208127	0.1182164846394079
0.6712253027396733	0.1022179477731427
0.6667609920138699	0.0898761214164873
0.6649581934062465	0.0790838271595585
0.6595670031079109	0.0687932113010935
0.6561289656178635	0.0588521776769918
0.6531390922291960	0.0502123363487085
0.6506981696826237	0.0423725996988249
0.6485127359972124	0.0368663527352305
0.6473953481851268	0.0319136397448375
0.6471076371953402	0.0280271000181504
0.6471432995792122	0.0246484989955879
0.6478971611191041	0.0221559777308398
0.6478665123763290	0.0194578514797119
0.6483836069597523	0.0183815334827084
0.6494088822126475	0.0165020688905092
0.6501565439642084	0.0145137221973447
0.6507829527571152	0.0127146558867679
0.6512115965672970	0.0111974038564467
0.6518068541911619	0.0098052769031149
0.6519887607919122	0.0085671754668162
0.6524470451175413	0.0075709373021795
0.6527460864241470	0.0065358908229840
0.6530630130798515	0.0058970874436160
0.6531881178254577	0.0051165696302120
0.6535624720551833	0.0046308728243149
0.6537918157382867	0.0039036751800298
0.6538383539290767	0.0034565663123849
0.6539842102681598	0.0029096590403501
0.6541458410679489	0.0027003784319365
0.6543345463885731	0.0022243193993607
0.6544405994857989	0.0018565004759902
0.6545588227409105	0.0015575577318576
0.6545538904726701	0.0013930053652233
0.6546128435065574	0.0011468174137923
0.6547545266217043	0.0010047903590910
0.6547918286805654	0.0007770372443042
0.6549541062133303	0.0008283719862538
0.6550525223339053	0.0007128533282013
0.6551449523226772	0.0005344653397221
0.6552622420187081	0.0004431551668396
0.6552844143802937	0.0004549388135476
0.6554295606000949	0.0003332463723356
0.6555477983691992	0.0002814087906705
0.6555962371168599	0.0002420247037413
0.6557201582509029	0.0001975987839336
0.6559356918966192	0.0002630101549137
0.6560256518450740	0.0001318681772714
0.6561625568735160	0.0001089066469934
0.6561563132176870	0.0000668467776435
0.6562415809309041	0.0000358450307968
0.6563957826336065	-0.0000004851405476
0.6564831208538180	0.0000342460919487
0.6565007562017485	0.0000168730673192
0.6566488882270357	0.0001060308698555
0.6566752335197384	0.0000327531022842
0.6568556745787689	0.0000978165174153
0.6570972329230511	0.0000343295324295
0.6572262506421974	0.0000400506185258
0.6571740501649183	0.0000472789479095
0.6573254761235644	0.0000185809479013
0.6574819148637684	0.0000386716858404
0.6573906128930257	0.0000322372721007
0.6575064112083244	0.0000186193783337
0.6577178168176613	-0.0000035557152560
0.6577798340864640	0.0000398654112513
0.6578186719767597	-0.0000349587866271
0.6578278123354642	-0.0000629392351892
0.6577614822593230	-0.0000110050205159
0.6577958235997656	0.0000103429907703
0.6579132467668726	0.0000413832564485
0.6579792564767434	0.0000126127056721
0.6581561320284103	-0.0000384112358239
0.6581872723294017	0.0000185327369968
0.6583466376643234	0.0000748002919387
0.6585834607970583	0.0000626503994028
0.6588782071800083	0.0000195261389931
0.6590432232760566	-0.0000051538030227
0.6591606511526087	0.0000548789276922
0.6593268124752303	0.0000362473816435
0.6594757750375451	-0.0000442448826947
0.6596059830914484	-0.0000168585197343
0.6598669599003276	0.0000133096551551
0.6600150302875734	-0.0000064163473374
0.6601370401535083	0.0000047216684677
0.6603149920867110	-0.0000737723061363
0.6607371553586708	0.0000196915001457
0.6607061467660070	0.0000038278486322
0.6608810134590092	-0.0000080516389548
