21.9275492222081920	-0.8682362989306774
16.0745699302107430	-5.5581996716553235
11.9377869178341150	-5.8237791524977505
10.1570969545865260	-5.4641776202566081
6.1538656376179279	-5.2008082903883244
4.2370954242091008	-5.2152173057206275
4.2270774699841045	-4.3237438046913867
2.3686186523452584	-4.0889439167492325
1.8125343398312841	-3.1912997212273253
1.3839273247655608	-2.7225992968485890
1.1156067795616029	-2.4048150688450303
1.4002668567338397	-2.4012304723646154
0.8311863113732828	-1.8379114276015491
0.7273912745438234	-1.5513047564332572
0.6562430457626888	-1.3376337509215619
0.5874317729342001	-1.1379454881531275
0.5616779697376007	-1.0078680253897274
0.5275407528951092	-0.8738820580779708
0.4943730721447173	-0.7560114243561118
0.4670118006630072	-0.6565679501044301
0.4468883360882871	-0.5694025691803214
0.4284504938633165	-0.4935055540033534
0.4171620927124734	-0.4238466861329372
0.4038514310498488	-0.3658977453896652
0.3961453535446816	-0.3175116672129800
0.3909405952197181	-0.2755702860728637
0.3835629831407010	-0.2393663287434192
0.3771594447444542	-0.2086129799780365
0.3725050583166129	-0.1809315060743913
0.3647206702134345	-0.1569376978570459
0.3561902905075904	-0.1326674616062104
0.3499405230160226	-0.1029091434362717
0.3800437488752419	-0.1027309517857758
0.3645993325484188	-0.0937130397913616
0.3589458983685812	-0.0815612486378992
0.3543928754875528	-0.0699058591176695
0.3549895113263726	-0.0622944503652964
0.3523240172706026	-0.0555734237947573
0.3500737458773326	-0.0493758637816577
0.3481282661595403	-0.0440797703902663
0.3466947989812452	-0.0393954922064376
0.3450224636244241	-0.0356900580936783
0.3434967429101485	-0.0320572571660968
0.3421025183948092	-0.0289151497154410
0.3407126174272633	-0.0263510399177578
0.3391687214012721	-0.0241693959014438
0.3381038333020106	-0.0227496065462634
0.3365350140013942	-0.0212434640126680
0.3351991646488178	-0.0209987655282518
0.3329043396316527	-0.0189439293940316
0.3343321754628556	-0.0183075561766606
0.3281268850216185	-0.0188530984622422
0.3254664399198980	-0.0165781518571857
0.3257136640809065	-0.0124316525996662
0.3275960956775386	-0.0178172250142716
0.3281766270857525	-0.0117343183868867
0.3239647860356471	-0.0105249072601386
0.3232508271232200	-0.0101661068010102
0.3212279736317826	-0.0105562971158475
0.3242726537795958	-0.0123940138489427
0.3196283987571926	-0.0103280530315514
0.3206389355970146	-0.0111882985727278
0.3167919385032000	-0.0146190850763895
0.3169462368659871	-0.0148156400432121
0.3138688472489807	-0.0132362110234848
0.3127153538873002	-0.0122492058211841
0.3139755583185498	-0.0119699457692378
0.3111576265984515	-0.0219871536823689
0.3052687808598560	-0.0044377361979907
0.3076200317643984	-0.0174707888343841
0.3152788527766861	-0.0122904142126100
0.3169644498088426	-0.0144486992319605
0.2967046916703665	-0.0265126099966428
0.2547702932144585	-0.0474270503728496
0.2846863942991066	-0.0011182860781202
0.2854073892040904	-0.0217026678447894
0.3043754092240628	-0.0118248834569024
0.2935491520389448	-0.0185177105390569
0.3184878092697500	-0.0118945065908420
0.3052071703164658	-0.0078074306460340
0.2816842817285241	-0.0099276080009828
0.2870964637701196	-0.0052684065569094
0.2979002952743299	-0.0084124907289225
0.3087597946374756	-0.0017779116540532
0.2933303533882253	-0.0011434916957357
0.2864819478377828	-0.0117483570323478
0.2998609120843213	-0.0062629298699652
0.2875530783995330	-0.0135284046538181
0.2914707413870684	0.0024629053514764
0.2927963249435990	-0.0097428688895810
0.2849126593697466	-0.0047512877358778
0.2918551272481527	-0.0003107087939960
0.2935487008116567	-0.0048140695198826
0.2891781399175987	-0.0091904438344867
0.2817920006502452	-0.0075328651239940
0.2796141006015941	-0.0020272967500573
0.2847850031244806	-0.0002127109990844
0.2844265274568952	0.0020750947234738
0.2874128705920258	0.0029021150009799
0.2905090933787235	-0.0074621144574874
