9.5094100086568236	-3.1280352676545191
5.2232743374926844	-2.3756344809513554
2.8478597169710529	-1.6251972362843750
1.9020039269403444	0.0458443164846471
1.2134194534842553	-0.1004023552733066
0.9385470025628580	-0.0476196702720178
0.7931420452110792	0.0179989582962381
0.7182249916435121	0.0779220202028819
0.6863574195487769	0.1137794311249710
0.6679694343651191	0.1278086210227107
0.6611098974638183	0.1291336565707498
0.6578893925817040	0.1175766802017792
0.6590751017247786	0.1038442340105786
0.6550046412799041	0.0893822554558739
0.6508957378460841	0.0792379525303604
0.6464475436613272	0.0688111840961998
0.6428949307350372	0.0586110897548761
0.6390529492138106	0.0497506473812976
0.6369413632285166	0.0419964605376008
0.6345646286371810	0.0365635952117207
0.6332575301242495	0.0315493453299292
0.6327868867988434	0.0276320908313898
0.6325371624979475	0.0245341766393369
0.6332612979641492	0.0220156939520688
0.6331457698923440	0.0192245760669391
0.6337072060549127	0.0182284100023112
0.6345215833773232	0.0162487559740129
0.6352302452979972	0.0143242774727764
0.6358213839532209	0.0126744823746172
0.6361463175007945	0.0111842608847431
0.6367403651900945	0.0096656523969951
0.6369094116654497	0.0085746561866935
0.6373200665433115	0.0075831346198121
0.6375750029580487	0.0065065767570317
0.6377980970111572	0.0058473328581309
0.6379858536563171	0.0051717822801084
0.6383422175860524	0.0046102770198792
0.6383977511271591	0.0039787665469634
0.6385182059893103	0.0035633350896987
0.6385991269109738	0.0030709696032391
0.6386545351780796	0.0027774462513766
0.6388214372613683	0.0023757169681680
0.6386848769169684	0.0020337142840291
0.6388703955635899	0.0017248903721573
0.6388576443140447	0.0015117348596320
0.6388353062165872	0.0013633155820319
0.6388181202897747	0.0012019632644442
0.6388701006151640	0.0010426861229943
0.6388177445433574	0.0009355249806004
0.6388945822540012	0.0008718661162035
0.6389176193226884	0.0007774142585701
0.6389858241256891	0.0006566290928457
0.6389318817624121	0.0005637625866824
0.6390059991463454	0.0005032704297837
0.6389875086292597	0.0004602045702731
0.6389429409369899	0.0003758526695544
0.6389983281360879	0.0003221269441801
0.6389662288415252	0.0003227963095711
0.6389639471167526	0.0002880537845767
0.6390175972707437	0.0002413358703826
0.6388798442345992	0.0001828392387496
0.6387921326366683	0.0001903596778853
0.6386767659255647	0.0001510142938376
0.6386031813985119	0.0000757696292253
0.6386909233955820	0.0000575621537520
0.6386491939228710	0.0001193383729549
0.6386603092385176	0.0001017686690236
0.6385844156809779	0.0000192596740536
0.6386765982155512	0.0000789228004671
0.6386171584803413	-0.0000644413888615
0.6386862418752396	0.0000127691837800
0.6386565180874103	0.0000400273438774
0.6386284440215042	0.0000840023121830
0.6385682423501926	-0.0000413958313223
0.6385889538526598	-0.0000328596738648
0.6385913928015008	0.0000365785597211
0.6385504214499702	0.0000686117960636
0.6385621820357875	-0.0000443337695789
0.6384072155322756	0.0000341897580109
0.6385087005338431	0.0000183097477998
0.6384868178302944	0.0000495213888580
0.6385908725539872	0.0000404514367015
0.6385114491252939	-0.0000610244932237
0.6384470336456343	-0.0000132733776761
0.6385541414660770	0.0000264893585740
0.6383774758199455	0.0000520832010949
0.6383537824075628	0.0001336846255845
0.6383589317814988	0.0000347617143763
0.6383373975179953	0.0000259943052990
0.6384605838696047	0.0000783390501879
0.6383447797684766	-0.0000262381153017
0.6383845628910131	-0.0000170467063808
0.6383761517135033	-0.0000067462953339
0.6383412723472932	0.0000119927600547
0.6383533288811276	0.0000044897617474
0.6383254051906404	-0.0000051439759175
0.6383142059015116	-0.0000212755933565
0.6382500381369600	0.0000133681917282
0.6382703772496712	-0.0000025708152132
0.6382083967870197	0.0000005249546152
