10.0727144815726110	-1.0591457280887600
6.1884870247323844	-1.2739724331453539
3.7800723450086702	-1.0657386748978959
2.5441571581781339	0.6910222644621301
2.0343680587704487	0.3381949901746172
1.8070898825694268	0.2344115696860741
1.6552666164461658	0.1517259932192779
1.5766128476218959	0.1133763801885180
1.5282929992834517	0.1245955283707063
1.5074192216955093	0.1036707252966502
1.4841677508986624	0.0750261543072898
1.4668186408140778	0.0557342973427883
1.4548342592431600	0.0519067957407831
1.4442710082063046	0.0260997633736388
1.4302516956537989	0.0269717222122068
1.4233403286417035	0.0267302849009472
1.4181941303292975	0.0304456739816010
1.4080092730233400	0.0222873672690627
1.4148311431061220	0.0214183594064818
1.4108932857523886	0.0167549760237406
1.4119685719907209	0.0152125590672028
1.4188187073637706	0.0117254939786580
1.4154089866935253	0.0097506165910947
1.4169588220665981	0.0099838487807589
1.4175650106887292	0.0093643778846547
1.4193159244690379	0.0089353107385835
1.4211576740970855	0.0084594414842780
1.4229111582201732	0.0084494226051946
1.4243839339455748	0.0101543444181230
1.4258655798777793	0.0078763804895991
1.4268038116431156	0.0093473181097405
1.4291915163115809	0.0102476116980708
1.4330898514883705	0.0116566631059767
1.4364120780282112	0.0112685894479725
1.4395271697904000	0.0122298721556933
1.4419133423979120	0.0131976289078437
1.4454184611622731	0.0136767104567384
1.4481446260322750	0.0139506157970831
1.4508790444195567	0.0152659436637404
1.4551475135505092	0.0164225461850023
1.4579878250772633	0.0153067226328692
1.4624444947518052	0.0155763833063192
1.4680239268586586	0.0149508285002974
1.4737792609857139	0.0146881070214219
1.4803210626208341	0.0145256917533766
1.4868269573677690	0.0139392341609412
1.4951312394069016	0.0131066322396164
1.5006101505615399	0.0121845529159211
1.5068904916278321	0.0113399568006738
1.5113705827827366	0.0105882884081328
1.5149078299428884	0.0097374162634332
1.5183748501198375	0.0087476683831538
1.5214530991913184	0.0080905811243634
1.5245042463868688	0.0071233939764045
1.5269528078353991	0.0063471716821998
1.5294783528313176	0.0060894299918644
1.5310572136276044	0.0051886518069970
1.5332566132831513	0.0046266480715240
1.5369751643513565	0.0041349480933599
1.5386735955020512	0.0035086034754814
1.5404650837986185	0.0033011878377586
1.5426615975605800	0.0028103561303248
1.5452348015897470	0.0024369408331770
1.5479966798830811	0.0022544869305925
1.5502785940922141	0.0019963444580095
1.5522881533105184	0.0020091183649907
1.5542460569322027	0.0016017879024142
1.5560433914270242	0.0014382438472620
1.5583619758355962	0.0014542176904496
1.5603336846999485	0.0012207798905598
1.5628844277530851	0.0011494512226963
1.5658600927557935	0.0007818235180183
1.5679774497770314	0.0008797273251123
1.5705631508432962	0.0008245608073583
1.5732531460588928	0.0004478044945750
1.5754047302180874	0.0004669906211566
1.5793457437146128	0.0006892615877925
1.5818357308106246	0.0004022094253518
1.5844675728209892	0.0004533576980064
1.5891489876280243	0.0003157774157642
1.5950870160420951	0.0002363649405369
1.5984524762900176	0.0003201056176453
1.6015751298328056	0.0001599168127885
1.6045293263367162	0.0000312829948302
1.6065295604656655	0.0001741238677459
1.6092971131568392	0.0001591530961005
1.6119685938236785	0.0001930840170445
1.6139996690124383	0.0002212546618126
1.6155484065618091	0.0000779212600496
1.6173940614817197	-0.0000316205714721
1.6194552715290966	0.0001716251738989
1.6213837673389222	0.0001579806952669
1.6244638356921934	0.0000626655281370
1.6291099784759684	0.0000861493721296
1.6334756629233795	0.0001466672319460
1.6369611012277796	0.0000715173409235
1.6397714258249583	0.0001023121444414
1.6431436187759820	0.0000797615104681
1.6478330892292254	-0.0000225509748291
1.6550066112886148	-0.0000201238046400
