9.7665933351992944	-0.4219543451715385
5.6499559886732760	-1.0582236833978289
3.1274387995724311	-0.9904512151726783
2.1835140016323740	0.2256726331347382
1.4390151615807827	-0.1052891696042657
1.1770635184151483	-0.2205000173562971
0.9605283806978242	-0.2117447650213422
0.8496795600487755	-0.1816064942008290
0.7795429141224651	-0.1397232668749586
0.7046421728309301	-0.0873675744031834
0.6822264999421892	-0.0650221029237787
0.6463457902692328	-0.0602308118725887
0.6328643942267421	-0.0462911902339709
0.6276122566827238	-0.0493285584876790
0.6169760585792615	-0.0243361624437615
0.6128899288159071	-0.0217010447130324
0.6071764851374129	-0.0178332901905990
0.5964212122048647	-0.0185447899175184
0.5958256259220108	-0.0088799308876424
0.5926757925889929	-0.0081707311837287
0.5958424458262254	-0.0068153703019730
0.5927672734729874	-0.0072835498195190
0.5948626189653369	-0.0084578625920262
0.5908958382677447	-0.0075958939177178
0.5930983755278735	-0.0076927274818487
0.5919788126159148	-0.0070560230366895
0.5892049509627702	-0.0076905570581699
0.5892682276628419	-0.0079955522994337
0.5880505561237390	-0.0063532984090826
0.5871747229702791	-0.0041447543575065
0.5877837399695475	-0.0044326387969763
0.5860281458786049	-0.0032347570217640
0.5859544882890770	-0.0036240739354902
0.5866321812648373	-0.0026773022695474
0.5861012165312111	-0.0023681243748623
0.5863765927710751	-0.0014488239928426
0.5861432718987243	-0.0010105811670051
0.5859682596986877	-0.0008845332371353
0.5861097881659106	-0.0006057429234080
0.5861406902928755	-0.0003136687656835
0.5862568134808079	-0.0000757857118292
0.5862054463413570	-0.0000608647151631
0.5862981408928499	0.0000954237755810
0.5864035006746033	0.0002062412862699
0.5863783299793524	0.0002181389057877
0.5865243299530151	0.0002545477041204
0.5865680355973055	0.0004302131823957
0.5865644353361964	0.0004543500869718
0.5866876184911004	0.0003980941871927
0.5867067109837953	0.0005164366882350
0.5868106546787035	0.0005737124608079
0.5868433535165457	0.0004770801017231
0.5868991001881284	0.0005305332203536
0.5869688818627893	0.0005201369759064
0.5870154653191628	0.0004298591160617
0.5870455800849569	0.0004309203571177
0.5871274602178073	0.0003521932637000
0.5872224023426343	0.0003434025324785
0.5871759763957128	0.0003525881185781
0.5871535651955590	0.0003165120883889
0.5870819504206160	0.0002328500992151
0.5872327016365431	0.0002412464235488
0.5871033668457046	0.0001246629475347
0.5870979621222339	0.0001634769033898
0.5870800139643604	0.0001450657131630
0.5871160999795780	0.0001996386216721
0.5871120874777559	0.0001150517777814
0.5870493724351592	0.0001320730198252
0.5871410014026079	0.0001485944698049
0.5871026583617313	0.0001277912911786
0.5871561102774128	0.0001225323186891
0.5870910780894070	0.0000644717592542
0.5870452956481495	0.0001291364063792
0.5870740675070147	0.0000308457521463
0.5870473511859295	0.0000607584030842
0.5870459658354525	0.0000601909384754
0.5870449381647876	0.0000187505910401
0.5870851389481755	-0.0000070681469513
0.5870994400195804	0.0000464963383186
0.5870837593221018	0.0000510721717327
0.5870497101203285	0.0000258508338003
0.5870727727891285	0.0000353771814529
0.5869435390949045	-0.0000244052297583
0.5869845293083906	0.0000430602577117
0.5869648845167481	-0.0000404996027342
0.5869147360205325	0.0000757789683391
0.5870135250885066	0.0001192415852265
0.5869307276888751	0.0000328183021046
0.5868994380753934	0.0000370108880811
0.5869308237436441	0.0000674208027131
0.5869455927132192	0.0000258256941379
0.5868808013151806	0.0000246754737315
0.5869077319005587	0.0000035822007322
0.5868834908085001	0.0000224298067044
0.5868181711687601	-0.0000230988708700
0.5868497407640426	0.0000059927745775
0.5868520215749136	0.0000226804515429
0.5870504067799326	0.0000032751512842
0.5870140085756681	0.0000334492557534
0.5871529259492776	0.0000267097451511
