22.1925545404374740	-5.9866699846745650
20.3272472087173210	6.4960581948168352
11.3207754367500220	-3.8174082401631257
9.7490872128405499	-4.3947394525159851
5.4653926282981367	-5.4021918759185530
4.2647021306286836	-5.0457544858469321
2.4165697464106151	-4.7917544440307536
2.3850475757889837	-3.8320612230760531
1.7924984834242630	-3.2864926565049783
1.4015768591974647	-2.6776914933979352
1.1251675345165453	-2.4615624264568536
1.1010811725250778	-2.2854750600474945
0.8081816185074955	-1.8399627053522933
0.7009007529605577	-1.5815800661144135
0.6607918764982761	-1.3592795508383022
0.5883475607160494	-1.1534609030917318
0.5483335794197527	-1.0158624328042865
0.5135755658189757	-0.8818473992431903
0.4807870092028130	-0.7652146183076922
0.4534411521837475	-0.6649078261377830
0.4333646220015515	-0.5785504054281596
0.4137581080915042	-0.5004358789513607
0.3988223062810543	-0.4316332529862672
0.3877915664114258	-0.3720844678075583
0.3799303695355666	-0.3234534010571538
0.3730024995391991	-0.2813697530490180
0.3660979375489177	-0.2448597735018238
0.3603423789988862	-0.2132333621028543
0.3526259855295812	-0.1862219265916764
0.3457903220756999	-0.1616486124732498
0.3369320958871163	-0.1368702757036752
0.3307195237068783	-0.1068127623906580
0.3598032387323424	-0.1073419100365596
0.3443265483574674	-0.0973763101285873
0.3385169634998851	-0.0853817275096936
0.3338415332497899	-0.0735663146216315
0.3336541625947230	-0.0652794749898698
0.3309347144698974	-0.0583348986933502
0.3288340708940962	-0.0520422793743480
0.3266938654939514	-0.0466278312371361
0.3248919962038647	-0.0416871453976740
0.3233574944084086	-0.0385328636165207
0.3211792621289117	-0.0321399744146620
0.3213238771363195	-0.0323315513529605
0.3192555032333333	-0.0305293232054729
0.3193414648813469	-0.0260459232866134
0.3147773092345629	-0.0233672835427514
0.3153425118486189	-0.0215440263568182
0.3133830501291809	-0.0207732261648814
0.3123881798855730	-0.0196426763213125
0.3108828127364533	-0.0190406462597198
0.3092216161936730	-0.0182192476086594
0.3072823758753804	-0.0174184051872406
0.3053396930311583	-0.0162068480921524
0.3043625319040059	-0.0150729841222028
0.3035703115017954	-0.0136241675297415
0.3031407270254697	-0.0130653343442244
0.3024204616148991	-0.0128832939217111
0.3013100901748751	-0.0128930005847757
0.3003385117750932	-0.0128194546741777
0.2990459408855510	-0.0123276447489366
0.2977259943802568	-0.0125024427475116
0.2970523209985290	-0.0120575201292055
0.2955644797786920	-0.0112939832826746
0.2950984385920213	-0.0123890142724978
0.2931841695062446	-0.0116039325435472
0.2906252862581148	-0.0118684680283880
0.2901066467271303	-0.0116036913748002
0.2911477457552756	-0.0106058077813420
0.2894228863530611	-0.0127945620756489
0.2864741720006006	-0.0116302217564848
0.2842467915481315	-0.0139424418406974
0.2865422269561839	0.0025040883535728
0.2483730976662280	-0.0196899110795643
0.2753841413906850	-0.0139280456873409
0.2907447736877715	-0.0256901453029461
0.2737120586214092	-0.0018898180054732
0.2832503185842941	-0.0146030677629100
0.2829638246423060	0.0045631447235901
0.2671082122116856	-0.0087700041561191
0.2771633441690322	-0.0193108995126456
0.2723115968527514	-0.0191285246119011
0.2771794969618638	-0.0082037363932984
0.2665169805044104	-0.0092874946131252
0.2688985565239762	-0.0092291759889201
0.2707799243450859	-0.0043505377156498
0.2780230166920331	-0.0050762077576597
0.2731922981591021	-0.0118420688916474
0.2793351939554638	-0.0022972407346888
0.2658611254522660	-0.0105400645300324
0.2739296129857059	-0.0054870151406373
0.2654781782143132	0.0006431789574437
0.2655307754093382	-0.0016086117542525
0.2710861754257670	-0.0087341231854902
0.2743735855969881	-0.0026882549105386
0.2712236073437957	-0.0033325863845333
0.2670138936105477	0.0010192696104800
0.2655988964239555	-0.0026199894091949
0.2649451415342746	-0.0035860103450028
0.2485292959909692	-0.0037751669993602
