18.0230749540743030	-1.7751849056385238
14.3321391583261730	-5.1618743073023419
11.2486428947877250	-4.7343764725784494
9.6939461216822735	-4.8354595892321788
5.9116980759563855	-5.5632565895552615
4.3724045493540817	-4.9229433279022379
3.1413014318171544	-4.0961678342946088
2.3646438628652775	-3.9131264448434822
1.8501893081484402	-3.2662481750039563
1.4582062667152542	-2.6895321434116268
1.1449421556095842	-2.4189436796159423
0.7421492177311873	-2.1639319891265765
0.8119877993759357	-1.8302510478229337
0.7005077060971464	-1.5524901363134631
0.6311302390539945	-1.3642794911315015
0.5950614060583995	-1.1703075236020752
0.5311474029239808	-1.0241028412552398
0.4852618171078781	-0.8835050271369292
0.4529445557228494	-0.7646817056221130
0.4254146091224190	-0.6654735060386643
0.4037712040193262	-0.5770529586890767
0.3849171940382734	-0.5004529287779012
0.3706425069637304	-0.4324341508372189
0.3590403143824835	-0.3724971740605163
0.3510825230950332	-0.3237598008759809
0.3435686280892704	-0.2812611421205641
0.3367744039412832	-0.2452944718764526
0.3294729228721675	-0.2138262358084597
0.3238474993891188	-0.1870732530154195
0.3162581362962605	-0.1616023500749289
0.3065980174084744	-0.1372426600032315
0.2994695512223952	-0.1077365908454170
0.3294518760427173	-0.1071867199189267
0.3138528226119419	-0.0978301365980220
0.3091525077277085	-0.0859830175519333
0.3034599986625730	-0.0741423509162985
0.3036339069767955	-0.0661292376809147
0.3009600003172352	-0.0593367405220270
0.2988046671243656	-0.0528861532777511
0.2980081892999044	-0.0475230148805826
0.2953123036014272	-0.0425925332318258
0.2935664149910796	-0.0389974268431609
0.2902848996841423	-0.0350782277713566
0.2938657457366450	-0.0345238652343387
0.2893907119936823	-0.0289469154114707
0.2887663039088263	-0.0249402251541924
0.2905764998504746	-0.0251499190298295
0.2876354724917313	-0.0227621901015962
0.2878130328151774	-0.0216330287606392
0.2859994225093180	-0.0214449846078007
0.2848617566176931	-0.0203280925269888
0.2833483183294409	-0.0197256893193868
0.2812641219152979	-0.0188221973215924
0.2797698304601037	-0.0172338912173992
0.2783023171025372	-0.0159807001368075
0.2776912882847021	-0.0148161081997123
0.2777098092198935	-0.0143180319103524
0.2764628563930866	-0.0141609351240214
0.2764192831376517	-0.0143468798369974
0.2746935406219895	-0.0138007317153021
0.2735913556998847	-0.0132570306519476
0.2725567701821582	-0.0131703183964779
0.2709438752319417	-0.0136396101920930
0.2703019350919338	-0.0128377965482635
0.2695098276535412	-0.0119565747416130
0.2686277901723139	-0.0121945317313465
0.2666168828484190	-0.0114604586754441
0.2658599765416792	-0.0115713433895361
0.2647046484723492	-0.0115906097504296
0.2626706984548944	-0.0116055970510764
0.2614779831519599	-0.0124403876130633
0.2626061002747802	-0.0084230519871971
0.2568624553463911	-0.0225273291561799
0.2124211006169244	-0.0108325833724626
0.2497867144749431	-0.0007004347568068
0.2497644069284898	-0.0250772101712656
0.2546329821900786	-0.0005630379834788
0.2541655092735923	-0.0154179753008720
0.2634193089872516	-0.0011686150103026
0.2485197155270073	-0.0019653537676026
0.2460297305457658	-0.0166215038105559
0.2428659937652794	-0.0140153210722376
0.2504518393365063	-0.0096595284069005
0.2477911357252120	-0.0090643914862763
0.2482657509424744	-0.0084178113973311
0.2481802273939711	-0.0131222266129625
0.2459930910626184	-0.0142084560531440
0.2484979210035574	-0.0102888141937887
0.2414848907029097	-0.0055374363926761
0.2461090388993788	-0.0121818718775421
0.2442756170589946	0.0013801709454603
0.2405288799037232	-0.0120115601052962
0.2474496881192019	-0.0007767104992727
0.2410260815998964	0.0027572031463170
0.2392814472134387	-0.0051235186172277
0.2481790260495417	-0.0124187326933957
0.2496974947353264	-0.0040886549511352
0.2405858449229422	0.0006216362317678
0.2438379860673070	0.0052301073988505
0.2309795759394514	-0.0034785959398761
