19.5139933475298580	1.7886386443092164
19.3458677463197190	-0.8038461129709721
11.2421135768463800	-5.7416645989340891
10.5069458264874260	-7.0968056642705335
6.0331331602275711	-4.6297753670981479
4.2566489897867692	-4.9818637692712979
3.7156073356133832	-4.3681464132171222
2.4853143373890405	-3.6822587515444645
1.8340583790625427	-3.3149738535652271
1.5878051842599146	-2.7990436726062176
1.1922537858011237	-2.3513322844482634
0.9239652721496211	-1.8707696886288354
0.8469055773254103	-1.8310647317331230
0.6824459690121512	-1.5064575480978637
0.6244099737238593	-1.3028661830068651
0.5948923384071442	-1.1173464239570199
0.5597944601642166	-1.0170273352833727
0.4630365060926581	-0.8851671174301781
0.4886833328468241	-0.7450990221439156
0.4100787486468771	-0.6548052437526235
0.3875043742660133	-0.5842652570292423
0.4047093214769394	-0.4640315302904426
0.3666900221070433	-0.4206655479038031
0.3681208250159078	-0.3586105204120405
0.3684274470499089	-0.3002518786174503
0.3757069615048095	-0.2553746750921288
0.3767266254076183	-0.2060777208457721
0.3699177486746871	-0.1717034998736940
0.3567243229960875	-0.1875806581339574
0.3399040716296558	-0.1607605039475549
0.3385047213211880	-0.1441966717759398
0.3315075325930994	-0.1127680358740090
0.3732844846146652	-0.1041426846361295
0.3430938134551022	-0.0965450254169738
0.3408545140797558	-0.0799711001106651
0.3341366577306872	-0.0761413493697577
0.3338991327216631	-0.0651980663837370
0.3299838182647887	-0.0559076255723761
0.3323434654485837	-0.0583728811936796
0.3333713440979894	-0.0439550027374341
0.3260590794273657	-0.0456498530893967
0.3285675855109091	-0.0415398164532656
0.3216529653619318	-0.0343509119145344
0.3209998205725811	-0.0344682404793960
0.3226515097262609	-0.0262741264683741
0.3229138721051636	-0.0282422565625185
0.3171796329001758	-0.0234933851216766
0.3167388913881188	-0.0242308662599451
0.3153299718228119	-0.0227595858028858
0.3135545990180471	-0.0222399340095893
0.3105287283126616	-0.0199074220225509
0.3111198064461274	-0.0217244679556971
0.3074038669781282	-0.0208544500777737
0.3050473132488037	-0.0193518838406012
0.3068201951813440	-0.0188022170831159
0.3041001130600631	-0.0126219976270140
0.3009690619081331	-0.0312113858033974
0.3137865171539024	-0.0207078560611163
0.3120821964272077	-0.0040707220486675
0.3119291315943866	-0.0199274419002873
0.3083610227110120	-0.0127355319148723
0.2964683115713798	-0.0194607306271896
0.2963314101316170	-0.0190546978577526
0.2961627021963806	-0.0073702947827952
0.2926593444499336	-0.0145010276382237
0.2918922281682314	-0.0107499900746760
0.2972003712167777	-0.0137347995407728
0.2938637025453261	-0.0137398932915222
0.2949471138050717	-0.0133991563909754
0.2892341119474425	-0.0135397632385592
0.2895815181037938	-0.0105087997133297
0.2836351778282477	-0.0103722258694433
0.2682509764032750	-0.0198056273800094
0.2446982649442018	-0.0421553124696211
0.2830188560686215	-0.0110209169525540
0.2930619605855768	-0.0012987887774081
0.2765127351758326	-0.0010090082975294
0.2841057276591564	-0.0034124898045071
0.2745912767603971	-0.0017096446792270
0.2741009909187248	-0.0127559920157337
0.2879248779759387	-0.0172100625550388
0.2785822174797821	-0.0245908927844559
0.2719412219839014	-0.0049878252502725
0.2735008053638484	-0.0091065720935709
0.2717986884264758	-0.0079141784776805
0.2752469016802142	-0.0097865058420218
0.2881126476111117	-0.0102207298961204
0.2690366151800088	-0.0052884611469971
0.2772306568879308	-0.0073197578685401
0.2764673335045660	-0.0055864314904362
0.2645020890680787	0.0031860764545698
0.2766024762208670	-0.0197723089568485
0.2580245389572148	0.0097658126297949
0.2885245298469043	-0.0000551004822657
0.2641917720405834	-0.0223321897092616
0.2510288369506981	0.0023168385298072
0.2804025452694929	0.0068848870259208
0.2661007294653798	0.0014377801816161
0.2904540711808272	-0.0170228844644410
0.2775725584903771	-0.0137699653841369
