22.1958996491931160	-2.8758386033977894
20.2116396437786000	-2.6702157482484785
14.1646912275837200	-2.7801604011428247
7.3163183410211170	-5.1956228037358239
6.0513358838757396	-5.8031187462303677
4.6488332037173432	-4.8393554117106508
2.5481253392914294	-4.2451931316382616
2.5334122916898267	-3.5215862999894036
1.8086241539859804	-3.0305564922865660
1.4140222624414269	-2.8973901703671912
1.1608273927722488	-2.4091061641243194
1.1799714459889197	-1.9065045950642834
0.8229220911581221	-1.8104630415149905
0.7404654929285305	-1.5658061239560759
0.6692388396422285	-1.3502016626168847
0.6390248848314885	-1.1843280323917229
0.5646738996053231	-1.0048077748875601
0.5351942873873204	-0.8760817180830660
0.4998930506551009	-0.7583689096890341
0.4727153646162958	-0.6577836576593276
0.4523224699251890	-0.5700354555593128
0.4341182261501327	-0.4927681525252440
0.4191141168192570	-0.4259275281551344
0.4091557451155648	-0.3656004424448569
0.4007555121455844	-0.3173716147858496
0.3944319935438084	-0.2751644317381107
0.3877496304600795	-0.2393948169007963
0.3814439449038454	-0.2089104216421826
0.3750975184337071	-0.1810117659674740
0.3685618078641330	-0.1570446269127128
0.3598578489362395	-0.1327807804752888
0.3537409259717825	-0.1029200775186875
0.3840832392404092	-0.1027187505426747
0.3687359134965429	-0.0935420716286989
0.3631735035669845	-0.0823163368425675
0.3585234739162345	-0.0697917752404806
0.3590013329746505	-0.0624225078781125
0.3564570266102315	-0.0556289155551388
0.3543672911506790	-0.0494596632745604
0.3523537334604384	-0.0441497552235276
0.3508037020277156	-0.0397422954649815
0.3492611883110911	-0.0354435605748768
0.3479654276513576	-0.0324046768661656
0.3463030872570468	-0.0291054409722294
0.3460151433905404	-0.0281626034410754
0.3447508550115630	-0.0267878912256762
0.3448146945508976	-0.0233617963349560
0.3421330081150704	-0.0210212615223491
0.3506081020997416	-0.0176990037790855
0.3434123787580345	-0.0301655338127221
0.3298409544922488	-0.0143017924047287
0.3300795736850804	-0.0261653626215292
0.3370395985690102	-0.0218410938401427
0.3298311184226314	-0.0133240599591866
0.3261625178482917	-0.0164104108588422
0.3264587346051892	-0.0123423037482133
0.3308541413149308	-0.0140235027120794
0.3241692179791014	-0.0125684131986740
0.3281029975208385	-0.0123005942795486
0.3231198067300461	-0.0161528431474792
0.3256191701335779	-0.0141089927426456
0.3223268602959991	-0.0123141723257566
0.3226850743404783	-0.0153865727438963
0.3215967165765710	-0.0154429837903757
0.3196470145358437	-0.0158719186456979
0.3206953102914573	-0.0142967599281435
0.3183742597924733	-0.0130988917325753
0.3203441563113955	-0.0144151654465901
0.3178076709494502	-0.0131436306965978
0.3160293550640529	-0.0116644022691724
0.3167636707302559	-0.0187792008528503
0.3058848468732131	-0.0158450700547275
0.3391915541134678	-0.0174710476682846
0.2493244607002011	0.0409580441931411
0.3049640425343668	-0.0048464603991616
0.2864879268846232	-0.0027926530081836
0.3152206723752275	-0.0154926916914337
0.3006340575392527	-0.0119754054972594
0.3035723779800792	-0.0300601410188553
0.3165500307227517	-0.0072438021127880
0.3077696682210790	-0.0031306702503658
0.3060723756623333	-0.0042530606051937
0.3038044161106013	-0.0071228265320945
0.3024189411275244	-0.0125043939889767
0.3021760988371904	-0.0075060231763800
0.3007297466039258	-0.0126154296908903
0.3014231179471046	-0.0066399058208390
0.2976212126583627	0.0131203229074765
0.2882735038148670	0.0005280994885243
0.2838456217563879	0.0045021605411438
0.2838011609367401	-0.0016793255586302
0.2854888444302966	-0.0022107410432003
0.2796475954382216	-0.0114174332823551
0.2818983579021810	-0.0081216629325262
0.2840528384303961	-0.0112056245299313
0.2882275296118881	-0.0115071473065352
0.2855654437605502	-0.0092067023195530
0.2897875749710052	-0.0149277873603925
0.2864427887973164	-0.0120983921251748
0.2951683382278774	-0.0023146285622689
