20.0021293587258880	3.0081438824868867
18.1415770412499280	-6.1463691469953696
10.6694802766048920	-5.4845690748111773
7.0492208779286400	-3.5740097942634375
6.1229805399196815	-5.8161482820777941
4.6638990637737567	-5.1463527865906515
3.1893568486204087	-4.7788696660003209
2.3072568352909508	-3.6015726498703811
1.8732599522482465	-3.2392712429103812
1.3627056009736214	-2.7697885365815269
1.2186568323466194	-2.4678287419238156
0.8889384550034513	-1.9212264655577123
0.7950508165216160	-1.8825168740686979
0.7389479852823212	-1.6128077185764003
0.6685590046898123	-1.3092247139231585
0.6182806809763600	-1.1511930816944900
0.5786563625466156	-1.0517161042884606
0.5260188995436204	-0.8478086466897922
0.4623343765617520	-0.7605207817337187
0.4600173850961073	-0.6875233369539798
0.4239473761723555	-0.5606688292320734
0.4248703604732441	-0.4662544454184727
0.4136143137187780	-0.4055257282209541
0.3915178077485435	-0.3702793722413762
0.4037197103555816	-0.3233449597049798
0.3807398713910208	-0.2837954435623634
0.3890576235924312	-0.2431080966262370
0.3812489702514173	-0.2118013890834584
0.3627675850941766	-0.1808019197367003
0.3671895999368637	-0.1604716543582770
0.3460574694354885	-0.1360222523839548
0.3410286080236515	-0.1069315929023668
0.3721104289723136	-0.0999248441483142
0.3641475081154275	-0.0925908830256315
0.3479890739012286	-0.0844071444578415
0.3439176383184833	-0.0728947819749505
0.3464477499265795	-0.0605095463233569
0.3504589144107098	-0.0526552200223701
0.3516830424833210	-0.0492028376436940
0.3462813653543604	-0.0411493606367346
0.3397765860953451	-0.0364408675982933
0.3330784732731345	-0.0377162364059893
0.3401649233152712	-0.0350646065281340
0.3378737054421502	-0.0338039136927221
0.3365074021934769	-0.0312692116375834
0.3315808913196699	-0.0207458555149402
0.3334837553646377	-0.0225209494178158
0.3245744182496665	-0.0217193750857039
0.3287923765510021	-0.0210806642500851
0.3257045592923538	-0.0195957789212907
0.3230940087067011	-0.0189054628291458
0.3210547664335398	-0.0184540825374222
0.3172117522021022	-0.0176922812547502
0.3168707403263341	-0.0163269536597273
0.3164496239488475	-0.0149881203017107
0.3149185229922851	-0.0131494894858375
0.3147626193651062	-0.0137507132649900
0.3131719099118549	-0.0135056184148823
0.3128081674748365	-0.0129052459751878
0.3110765274093714	-0.0126827915299577
0.3100112602650448	-0.0124245498485741
0.3085466722950624	-0.0123405327267534
0.3073535785800234	-0.0125497042291418
0.3061420702232203	-0.0118295084235076
0.3052397806021395	-0.0119215580260220
0.3040314689455481	-0.0118840487186475
0.3016701365036194	-0.0119205188470779
0.3009820652500995	-0.0108790625539610
0.2996627802179037	-0.0111903803486164
0.2995144321925929	-0.0115001626768452
0.2984406909991112	-0.0126145972110131
0.2959167110962419	-0.0101382590287012
0.3035995947859477	-0.0010814038636325
0.2548337733552325	-0.0357299838660188
0.2867194191912117	-0.0236197786594548
0.3130811468772236	-0.0117528968072308
0.2857660934546868	-0.0134541937457097
0.2965484714077488	-0.0139771792318672
0.2884686086144774	0.0029326036644418
0.2897087204501714	-0.0151552657826526
0.2862179399354447	-0.0215644576894652
0.2809448880468722	-0.0176354648870468
0.2853525563874536	-0.0071114044551280
0.2834760422095788	-0.0121016589647341
0.2844242458202720	-0.0044546099868132
0.2799037636400209	-0.0094848556616510
0.2807220308028958	-0.0117144677753820
0.2826589710081671	-0.0089024539227300
0.2728551456565973	0.0008902831142407
0.2843826537943403	-0.0056883603416280
0.2826784283407844	-0.0114974918747428
0.2822303478390654	-0.0143430064907400
0.2779408547924924	-0.0077103024189905
0.2808407156035230	0.0033473726125971
0.2836185499381288	-0.0076396660889173
0.2673445807675079	0.0039534242292478
0.2857449057449853	-0.0108512855031253
0.2920871865949704	0.0090690711123200
0.2533487414527361	-0.0017366601118568
0.2848497478350615	-0.0170782677108083
