0.3158854382035452	-0.0138897402825919
0.3201854201622568	-0.0095866082740385
0.3165768306524818	-0.0101820427156122
0.3188753906717077	-0.0092771036437783
0.3166735939918685	-0.0195086185725283
0.3142422323662862	-0.0055437231405684
0.3211508299627852	-0.0096626558286646
0.3151032550986642	-0.0163573894796369
0.3140101204352872	-0.0101294931230865
0.3043891271746344	-0.0068155467468108
0.3150192426634408	-0.0134692768173514
0.3162266270474460	-0.0235773216561688
0.3061541253227704	-0.0130605811187693
0.3042027126668838	-0.0047358392465148
0.3004683648382789	-0.0073302767832328
0.3096125332144732	-0.0068469771617312
0.2991770905029841	-0.0194637263147528
0.2882289877756144	-0.0000086998432416
0.2798616383776061	-0.0118842986219431
0.3038720686923508	-0.0125820412266405
0.2784405876936758	0.0027397912154949
0.2936769154838974	-0.0162499388232915
0.2883645541713845	0.0014878774125475
0.2853733916021077	-0.0246059782644516
0.2850112266915946	-0.0113115964576701
0.2861280079272596	-0.0026505178888217
0.2903991412536412	0.0101897545073644
0.2877604236451520	-0.0047963514001659
0.2860163902153660	-0.0147459259022721
0.2856308361434612	-0.0029975000319380
0.2970026125862381	-0.0052544054999746
0.2959420892288623	-0.0075912945375242
0.2829733112997149	-0.0070765884650962
0.2867699226804345	-0.0055635181640321
0.2894875199518833	-0.0103434682368259
0.2816023847768213	0.0022201259812448
0.2833628699315601	-0.0180795537058175
0.2689369420797870	0.0032376650276947
0.2970281138024641	-0.0012032585601455
0.2760804526899555	-0.0180205338696684
0.2699950342875130	0.0116562368947820
0.2898448851376905	0.0044950516185511
0.2832438169428326	0.0039378582401352
0.2999989938119311	0.0079658306117979
0.2911313878051133	-0.0246515746095635
