11.4124798112227150	1.9789229438336580
7.6440344004712220	0.3743562412110855
5.0494911979512729	-0.1333888846610078
3.7687060043925382	-0.3000730538628832
2.6241519587980999	1.1281124805824585
2.4139104518802874	0.8124806906831283
2.2860353692034510	0.5938624178293928
2.1923964454667892	0.4557968298891486
2.1160811719271613	0.3733468859647998
2.0726738519221355	0.3030077475419103
2.0549868387809220	0.2282049260070942
2.0231599639500359	0.1869566593862641
2.0069995336288051	0.1342619768019089
1.9869852956294818	0.1005990040721728
1.9735211519155420	0.0882254046228884
1.9523640311159816	0.0718629267828213
1.9447944085180076	0.0597118835021055
1.9328804823516239	0.0562336671012448
1.9352492516864845	0.0452889366230158
1.9240319723289980	0.0360696267307824
1.9219582497960279	0.0318896740189331
1.9215019123570753	0.0275141752008715
1.9203271325051792	0.0213468323539431
1.9184000032277664	0.0178503600455466
1.9161605633489194	0.0149456848104410
1.9149078806691990	0.0126391212975868
1.9138677714344481	0.0104399153995784
1.9129401802017860	0.0092348841944691
1.9127423428848671	0.0083801909759984
1.9118192362258799	0.0074278279112370
1.9113168456477059	0.0061678332252363
1.9116583954754445	0.0061878036744390
1.9118543815918558	0.0057435299136907
1.9117530499809050	0.0055126297567968
1.9116501784410702	0.0049108967376073
1.9127384631090594	0.0059330468300245
1.9121742773377284	0.0051950269800162
1.9118131182251328	0.0049980778042957
1.9126696278391051	0.0040776954136126
1.9136699545822735	0.0042572873338376
1.9135894075490318	0.0039855857685923
1.9128618624288245	0.0034088841279167
1.9137839698963461	0.0028691757840586
1.9138365333461576	0.0031186032190127
1.9145144304528232	0.0036584519926656
1.9143762234804491	0.0031821039762276
1.9142358125100807	0.0029527512816462
1.9146953458257379	0.0032179893743608
1.9149196891351374	0.0034540056665345
1.9148994502264278	0.0034850136127266
1.9153106415958829	0.0036134753110991
1.9157579503211128	0.0037008734751854
1.9160435751710572	0.0040898280471046
1.9166857746972772	0.0036290744327259
1.9167861947822775	0.0035201415516163
1.9172468655540651	0.0034113091820707
1.9172080153321085	0.0032767685947095
1.9169167344127929	0.0032542759896720
1.9165353305228097	0.0027310723607416
1.9159294880089357	0.0025072940513743
1.9151583849957532	0.0024062369035897
1.9142247919257125	0.0024621289692099
1.9137357079984629	0.0018343127931315
1.9125348229787222	0.0019233527683280
1.9121122543295050	0.0015885763427833
1.9107673912172851	0.0014046359345818
1.9091920796374999	0.0013786816795695
1.9078993017037182	0.0012200302235108
1.9068193271488825	0.0009888920369516
1.9055667094094570	0.0010983702973971
1.9037918779071279	0.0009255206888097
1.9023569662509747	0.0007237186417133
1.9008356667762594	0.0006458716702201
1.8990169316238661	0.0004365972933913
1.8974793160489127	0.0003648107060341
1.8960568961070801	0.0004975389925679
1.8942278526566294	0.0004296535044775
1.8924189270155147	0.0003220170355992
1.8913780945593026	0.0002596934012517
1.8894567369044375	0.0002451296158659
1.8881486225482420	0.0003978093187993
1.8867347575553723	0.0002654856569369
1.8851454413609523	0.0002890436973526
1.8840739789762129	0.0001210701607186
1.8825605869930404	0.0000763921437174
1.8805605308330471	0.0001033723438674
1.8782784678503444	-0.0000774722438231
1.8767994706016635	0.0001429143762196
1.8753180897360804	0.0000609859068951
1.8727725859150401	-0.0000740749727038
1.8711556645064273	0.0002747182116320
1.8694473552927005	0.0001160185760195
1.8678060127677831	0.0000399897080614
1.8649564692664262	-0.0000209870265339
1.8599604574306878	0.0001223143663854
1.8541399136419903	0.0000274409555201
1.8471745929487546	-0.0002157082472911
1.8380329730715674	-0.0000025416834601
1.8291323662116568	0.0000545996194390
1.8177715635664076	-0.0002947489349581
