0.3026508259510327	-0.0191568925901845
0.3046084537916299	-0.0166428219179079
0.3038984487720070	-0.0155744115397817
0.3153762737192407	-0.0230313104919497
0.2912666289759082	-0.0024474365168701
0.2974877831217171	-0.0259548597353824
0.3008060314431360	-0.0240884663304239
0.2872853376324981	-0.0139720049492619
0.2915589582018727	-0.0065064131944095
0.2973223082350741	-0.0181910744585010
0.2993496151599889	-0.0115287991316765
0.2914545255902636	-0.0164646298778549
0.2875167429507103	-0.0144154335682658
0.2921110499009683	-0.0066880458974011
0.2868021076134622	-0.0091043024233633
0.2888227602461474	-0.0145514202910202
0.2901692277602367	-0.0103449139491019
0.2809551060994046	-0.0128395652536137
0.2864049147444775	-0.0117129922384544
0.2964330890295083	-0.0012683758594674
0.2720480701848427	0.0177573673723677
0.2870135345535423	-0.0139614470736644
0.2925102382561359	0.0090166098077700
0.2776665921052909	-0.0182286618334992
0.2739546449612516	-0.0103267528697833
0.2700520625211969	-0.0184419425216913
0.2882868008551448	-0.0144744265675885
0.2833580388475740	0.0004330045732920
0.2755638046309388	0.0029489208359004
0.2779158361635826	-0.0086383757351124
0.2723058364872126	-0.0087620361541263
0.2706585300660778	-0.0089944227511648
0.2729126760279080	-0.0077311314306180
0.2682518505638216	0.0021778295713952
0.2746555184071838	-0.0023438989778823
0.2618472985896920	-0.0112279602529327
0.2863249347378142	-0.0091527033391522
0.2588613795240478	0.0130181521834192
0.2585984405840609	-0.0162588831235151
0.2573624882071292	-0.0072639819404928
0.2862805881322899	-0.0070721048289610
0.2654810960845552	-0.0082444589722471
0.2524537168339406	0.0087708425290845
0.2605169412029608	0.0106263581410845
0.2661436594459023	-0.0022976925938164
0.2636280408809515	-0.0122356451730157
0.2585599794276621	-0.0226037927241681
