11.5857937672701080	-1.3922564993935374
8.0036438631789366	-1.4540264778715650
5.8221840834830445	-1.0151061238648316
4.7850677294739796	-0.7987950496162573
4.1831431312144387	-0.5103431820677336
3.9905157102525575	-0.3097946627492746
3.8010123213108824	-0.2226813056544940
3.6911525679665314	-0.1272496702900558
3.6248946078502242	-0.0655164455449503
3.5797718267193885	-0.0177060323396233
3.5387722712365366	0.0084481058595667
3.5138579796823501	0.0248980330780725
3.4939166738013672	0.0355661206647826
3.4832886076052110	0.0379228072891239
3.4750128717839703	0.0392517658434123
3.4709991603067731	0.0378135193752778
3.4700979425458125	0.0348509836199744
3.4735417709361029	0.0325941612073266
3.4794888787828042	0.0293307678483049
3.4813147608374289	0.0263331148396301
3.4811737727979697	0.0220588120231578
3.4802659529159121	0.0185024757735033
3.4786669679255642	0.0148662920637078
3.4770798728469514	0.0121959737329954
3.4756053277655679	0.0101767613608890
3.4743125107195927	0.0084070119006462
3.4741841639287396	0.0070853339649832
3.4727155347744731	0.0055916741504849
3.4721352235152674	0.0048077853854565
3.4714384157488265	0.0037754754236647
3.4712714528838973	0.0032436337047277
3.4702631652393094	0.0030231444659833
3.4703285174804290	0.0025139032944942
3.4697037778646225	0.0023823121731165
3.4693582894130013	0.0027174677208555
3.4692549193202482	0.0026191953326142
3.4697432920802584	0.0025324647620762
3.4699351689482576	0.0019959371177436
3.4699003170783973	0.0017122915014668
3.4700005390528164	0.0018164687611040
3.4699631091877117	0.0009384210100827
3.4696601700538978	0.0012132073229269
3.4697606266828442	0.0009077473456524
3.4695026520356023	0.0007665710106792
3.4689248072105969	0.0006002488789313
3.4686079118399551	0.0004666030357487
3.4692080212202248	0.0004283778086375
3.4680924253557364	0.0002267037225824
3.4684047052274409	0.0004395349759847
3.4687727999381943	0.0001515100643962
3.4683731524428203	-0.0001220747344453
3.4682881741339586	0.0002720722248140
3.4682141529653983	0.0000124033014428
3.4689584891671386	0.0002938145752993
3.4689950592529510	0.0004026604812156
3.4691159928761417	0.0001460661576139
3.4690152633036160	-0.0000535119193711
3.4686564197800451	0.0001129154499655
3.4687258175020617	0.0003550348417112
3.4694514671514267	0.0001723640143666
3.4696950238636974	-0.0000342477253553
3.4696641539067223	-0.0001276626494532
3.4701362698838980	-0.0000454832843001
3.4697314880866599	-0.0000144354847620
3.4699218604319353	0.0001499883787879
3.4700651279752766	0.0001306144313008
3.4706174361520543	0.0001045676210124
3.4710364742369064	-0.0000645910252108
3.4715650164559748	0.0000547514057894
3.4714309823993696	0.0004246278698866
3.4717112870556064	-0.0000944635977227
3.4716153703491339	0.0000450681288627
3.4720552680626584	-0.0001484042876650
3.4724985491860867	0.0000259342234601
3.4728874696738412	0.0000914940886316
3.4730468086440993	0.0002482046941882
3.4732651629907210	0.0000628728028588
3.4732764827556082	-0.0001716845082084
3.4743315442661373	-0.0003192442358273
3.4736993764251252	0.0001342503177721
3.4741523941544834	-0.0001435034083576
3.4743992047034329	0.0002424976038056
3.4745300427082193	-0.0000765641881087
3.4744835809578216	0.0001728832151846
3.4746498409299207	-0.0000601951465688
3.4751273426591855	0.0000422552896560
3.4751127179864709	-0.0000676599581120
3.4756000799828826	0.0001743474653704
3.4759105948894353	0.0000794536852378
3.4757417226363816	0.0002275973728122
3.4766556018440373	-0.0000951576283413
3.4768407186673453	0.0001090889719722
3.4773894374716674	0.0000381827444679
3.4778097746826551	-0.0000203147737356
3.4782577992722215	0.0001081382697975
3.4782844559005976	0.0000966949513680
3.4782848472105052	-0.0000877386222383
3.4784991261500195	0.0001436116801092
3.4784603737858708	-0.0000016171925788
3.4788445233776488	0.0000284491486324
