14.9055931282532740	1.2984465961092893
15.1091738894460970	-2.7382312002995715
11.5308320054792650	-4.5424899603303279
9.1546150214663715	-4.5835491245651028
6.4002591791338874	-5.0749556914834537
4.1982705818093518	-5.1336574877045580
3.2130965266875493	-4.2133631480895781
2.8093938992090948	-3.6573184597832338
1.8161533383381521	-3.2945786086781030
1.3821815690654005	-2.6735282648835428
1.1271384536632794	-2.4146402919723511
1.4382176105258928	-2.0596747566775000
0.7695560592514708	-1.8192971001945319
0.7012391499512247	-1.5507552061771861
0.6485901895806460	-1.3565830182030316
0.6049713301883247	-1.1905103920394575
0.5486877928644239	-1.0140379283942538
0.5161965820425157	-0.8772967714971863
0.4836326861543296	-0.7604892504121658
0.4562491308533428	-0.6609653989007482
0.4349026203766827	-0.5720836665479823
0.4171142158569869	-0.4954791268714845
0.4035099214318174	-0.4275758604765654
0.3926048139093099	-0.3680769857230681
0.3845555177164192	-0.3193487223343166
0.3780952029643105	-0.2768601013081320
0.3717043633331660	-0.2414751836728826
0.3651427808717060	-0.2105117512285786
0.3604763463709345	-0.1837440295765307
0.3522392193146382	-0.1590051691195525
0.3434798168748666	-0.1345317379080548
0.3374085592996268	-0.1047046656319328
0.3667777113700085	-0.1046172893144775
0.3514608225444071	-0.0951320868365980
0.3455817466630031	-0.0841233396202467
0.3411734984247474	-0.0713006538505063
0.3411170155384513	-0.0633345199535207
0.3386608582098455	-0.0566476113408601
0.3365674427623225	-0.0502405456156334
0.3345034211075266	-0.0449969951474479
0.3325891308065569	-0.0399534671525991
0.3308813496565024	-0.0360396255059399
0.3294335649342235	-0.0325649272146430
0.3279080634606966	-0.0297615850366649
0.3261466664666615	-0.0272899503279928
0.3248372492700125	-0.0252107373305588
0.3237249603272878	-0.0236223504064325
0.3214674231254182	-0.0214171305246673
0.3198331518756435	-0.0196671064966118
0.3184341695275415	-0.0211851724317224
0.3174932817853357	-0.0212590747700072
0.3188091525831515	-0.0160933558675392
0.3171188523524955	-0.0168570719746308
0.3118347184793516	-0.0187445633720121
0.3084887297456367	-0.0146486126597029
0.3078041739642162	-0.0139481829060039
0.3112133443485093	-0.0132468172714433
0.3069397572544844	-0.0122901866375899
0.3065789787496547	-0.0112737987116865
0.3051488745865717	-0.0137996316804820
0.3052285625055872	-0.0106722611881956
0.3051387434714876	-0.0107325240042065
0.3010326110598726	-0.0125607150061201
0.3024130601019198	-0.0110313439188126
0.2993925849007897	-0.0102736713431413
0.2985711801336312	-0.0135934946130981
0.2981291116424951	-0.0104730699730448
0.2957318736098486	-0.0125192295301608
0.2966322860586130	-0.0114322690776447
0.2920858546115943	-0.0101421044211974
0.2924923827905580	-0.0125637670878312
0.2913177771511064	-0.0101355596586913
0.2846410202474151	-0.0247457665694630
0.2391885380873023	-0.0163105926895748
0.2854128042620311	-0.0050780237942608
0.2789544739496820	-0.0248655550490868
0.2863151095310095	0.0003240492888103
0.2939146395469700	-0.0109914254290186
0.2861514661623895	-0.0080082185889278
0.2793612939544849	-0.0055095987667792
0.2808286650917704	-0.0168169604681468
0.2806103220590135	-0.0147266857073120
0.2855895303928272	-0.0126939767924197
0.2744609140850307	-0.0133791178568632
0.2785021264963089	-0.0035163095950692
0.2775312455479836	-0.0132634303253978
0.2803065194357954	-0.0039655758606244
0.2724170336472462	-0.0088810056355149
0.2751921728057665	-0.0124472853825492
0.2764077336182629	-0.0049390776724950
0.2693033827220919	-0.0043001682507414
0.2730652806114910	-0.0066109455144677
0.2715556825847492	-0.0153654488957503
0.2742663672562228	-0.0062037012788469
0.2959431421854951	-0.0085037617817898
0.2884279191165780	-0.0108145575417510
0.2830850545949712	-0.0168685111785786
0.2819859012014573	-0.0145793041667194
0.2717611561816949	-0.0163871094492301
0.2779155864605451	-0.0076545682808866
