16.0508822053149380	4.6603242175942876
13.6502762723184450	3.0260135699493889
11.2052190264380480	-5.3203047042274516
10.4181412285266950	-4.9181835775267659
4.4103966886877810	-5.1610732072271599
4.1549079521638212	-4.9503915181603961
2.6475606132284821	-4.5026944520020900
2.5131667175892161	-3.6342535058106460
1.9533899248183633	-3.3189683306995965
1.4375809110916629	-2.6679971162425060
1.1945247692809262	-2.4038346663941055
0.6182065469667099	-2.0661032626525064
0.8032025028188065	-1.8501885452908595
0.6706787929824613	-1.5841914401956740
0.6586355869574851	-1.3440261106683657
0.5462729530781082	-1.1380705436830094
0.5423037423918220	-1.0044101768392977
0.4959296022368699	-0.8782706970779199
0.4641536885263857	-0.7618887857872373
0.4369818573950080	-0.6618646215138547
0.4146858951533204	-0.5733186965616122
0.3974968685294200	-0.4977986618810716
0.3821179632222377	-0.4285580037535148
0.3714227422755307	-0.3697306391784764
0.3629140841593920	-0.3217729372300628
0.3554913455233835	-0.2796654965655512
0.3488594778823118	-0.2438154341358925
0.3408987504972443	-0.2126574572897279
0.3344879548165953	-0.1847402595122705
0.3274748684091579	-0.1615667418423803
0.3189426350503690	-0.1367076764197283
0.3119585528885341	-0.1070001171317538
0.3423547518160618	-0.1064828645218384
0.3262186445238938	-0.0972843316510513
0.3204779298252908	-0.0855300592245324
0.3152880761728275	-0.0734519543126002
0.3156970465085268	-0.0655521235052193
0.3124601381376532	-0.0587994040426819
0.3103829143690808	-0.0525532742166425
0.3083799353806935	-0.0471708526117040
0.3066474592414577	-0.0421896893906231
0.3049505485669662	-0.0381539734567585
0.3033805447947013	-0.0336519107997971
0.3034527779355348	-0.0309838700128477
0.3021851541713942	-0.0307910842422569
0.3010512946470513	-0.0248596951988213
0.2994163866056361	-0.0243673860458204
0.2958185508448606	-0.0243286176728460
0.2947008909718462	-0.0225091098299918
0.2934310925832368	-0.0212525743243257
0.2909661579016919	-0.0197527703339619
0.2884530301238212	-0.0184275058230784
0.2905378510550647	-0.0178219211296098
0.2856680045891729	-0.0153491066870058
0.2865421650862378	-0.0141814070265429
0.2861621965514127	-0.0138939840723632
0.2845573371391597	-0.0157821369945723
0.2863565804528667	-0.0014513932886117
0.2866982467988019	-0.0187498734475581
0.2831232548399142	-0.0188788468651330
0.2848548311732360	-0.0103896786026188
0.2756519939286199	-0.0146375445981855
0.2767137964477983	-0.0167227640829563
0.2737176179585047	-0.0078993585473892
0.2769956684128754	-0.0089381357169274
0.2704060374370254	-0.0127643098615919
0.2743025832395862	-0.0104849171444069
0.2733930923569085	-0.0087977900209563
0.2662293532612382	-0.0083791658669800
0.2670266894655752	-0.0088803443278557
0.2671831140630487	-0.0090139355654780
0.2669697346151826	-0.0095417056989937
0.2632657487395778	0.0035924972668358
0.2614982587857124	-0.0233982926115184
0.2638411140569513	-0.0140158615142602
0.2683623799340768	0.0024741949284318
0.2586198953172008	-0.0147852483317045
0.2605416379311054	-0.0048872451566254
0.2445680783973292	-0.0080744267388264
0.2567975176930629	-0.0070850428402307
0.2708000421047482	-0.0112483904948694
0.2613385833913585	-0.0153576969256478
0.2572364655562696	-0.0077958245739983
0.2566286952170688	-0.0065770185031507
0.2523579619548508	-0.0066954788874590
0.2510998380437367	-0.0059476532705032
0.2497994719972969	-0.0058582667465209
0.2581050325118171	-0.0063692855797046
0.2468470539067784	-0.0162532579174909
0.2436643951778744	0.0027039158838994
0.2427737871118154	-0.0124125725126975
0.2492837633365755	-0.0017744325431623
0.2352635495334241	-0.0024376246302891
0.2638360226687781	-0.0064442754832736
0.2225967882001635	0.0017568794045450
0.2455340263465906	0.0007921235079657
0.2580256760589637	-0.0148794026058428
0.2388354501222324	-0.0116851202954690
0.2301735598665206	0.0091176048652917
0.2331644131233644	0.0060176209270576
