20.9599946764589400	1.9167112752727826
14.3213869329323470	-2.1737173577772881
12.5362440793571680	-6.7578120349549993
6.6616042263199278	-8.2312872393396148
5.5838079448994851	-6.2386890068482082
4.2286349367639060	-5.0909307639032040
3.3421201351291678	-3.8287838910769763
2.1650343401085776	-3.8252820655466713
1.6889913072270621	-3.2644396101475737
1.4037262779533708	-2.7641769731672312
1.1211970372543880	-2.4181829369607577
0.8934621182549892	-2.1897674864648611
0.8403084368781858	-1.8586365986671882
0.7453906952059731	-1.5736875764958762
0.6860980974411803	-1.3547974697917706
0.6204011558326127	-1.1554128757626871
0.5827376015042440	-1.0175568279794220
0.5479777364871802	-0.8816235916949857
0.5160573501531738	-0.7635297799469256
0.4912071219827331	-0.6639244767123522
0.4715504572554572	-0.5734418948415441
0.4548732652324278	-0.4968066812477385
0.4394586050722114	-0.4320133834967032
0.4317900502346180	-0.3679063459500238
0.4238014305121797	-0.3197948964358922
0.4181084784626250	-0.2768612593593965
0.4114862383821344	-0.2408336418706108
0.4057152447269832	-0.2099435484255552
0.3993055388875532	-0.1813599735576719
0.3944136852196144	-0.1573290855191638
0.3855643966012597	-0.1332894132404959
0.3794953120525095	-0.1043616961964401
0.4072133058550496	-0.1029014504211838
0.3933619287127251	-0.0930698545862403
0.3876257091015995	-0.0810981517466211
0.3838399318449873	-0.0694321420020237
0.3843996608756747	-0.0617229017596453
0.3825026493330606	-0.0545844740916184
0.3805170824632913	-0.0485606814575474
0.3789253185291303	-0.0430601629355368
0.3772296961079029	-0.0384408934689472
0.3765249874728256	-0.0352976864038989
0.3750823499819161	-0.0333328157473652
0.3725103829036629	-0.0312731340837907
0.3745922393187209	-0.0277953297649062
0.3734238249165379	-0.0238462932954078
0.3710806812219670	-0.0234834470525372
0.3695506471519253	-0.0203242098739318
0.3670372920123662	-0.0201132853665311
0.3661967392547737	-0.0185717971851165
0.3648829525507565	-0.0179198787557713
0.3631743407117888	-0.0173397771173698
0.3614826862966044	-0.0165043726980634
0.3615846077199609	-0.0168332091415264
0.3589832834933451	-0.0141781441209815
0.3566476139991142	-0.0133733831192738
0.3567331884449848	-0.0115070606736076
0.3537638297262850	-0.0128788997556429
0.3566585372345100	-0.0110764048372851
0.3533999823896151	-0.0124094678287859
0.3522173362840757	-0.0117539749505657
0.3511171344019003	-0.0120449810511351
0.3508036381281993	-0.0143084194668967
0.3499494716120241	-0.0101579827086368
0.3486044187307167	-0.0117296983918787
0.3488975298283488	-0.0115212610929008
0.3479913262372458	-0.0110393166663324
0.3462311348704915	-0.0129516320703417
0.3449347928059631	-0.0128675164226273
0.3374726719276704	-0.0079972297569722
0.3351963545255550	-0.0177171418505665
0.3438339222275493	-0.0024126008524882
0.3474969695442107	-0.0175852936249901
0.2947024843883364	-0.0210591540642477
0.3296238848330605	-0.0203899726810522
0.3450093958454563	-0.0269489286905522
0.3408825713176645	-0.0029322992046896
0.3399933748309395	-0.0151932430550370
0.3384063027876640	0.0072877957578429
0.3264373069846213	0.0009818979806198
0.3276308927938192	-0.0199330076988616
0.3220676921218891	-0.0184954828574586
0.3281687287683001	-0.0105092032730047
0.3426328652713643	0.0028546634549449
0.3231121401368429	-0.0152210243624305
0.3259190273182327	-0.0017871469877166
0.3357293543343113	-0.0171973842166969
0.3205385280210095	-0.0089890247843876
0.3208635362091890	-0.0062633456762870
0.3313318637151363	-0.0027780700595888
0.3279313623880895	-0.0084069874807361
0.3252809709052845	-0.0130306901647241
0.3211522211481461	-0.0068585383323020
0.3138236419087545	-0.0075622907173973
0.3193763333025147	-0.0003023157869977
0.3126357408302216	-0.0059981272476430
0.3211511685978481	-0.0124720617698012
0.3417661969842764	0.0038070945454857
0.3063878607761313	-0.0124105195088153
0.3459341751200549	0.0151242366342035
