24.1589408030022310	-10.2463058371620160
11.7296134964629390	-17.6363302517453630
11.4732318664890740	-4.1313577955447487
7.9250136978635997	-6.5751727379683924
6.0256233933955095	-5.6077165479863833
4.3380030998542756	-4.8621109901861370
2.8227970144457619	-4.7292527115755334
2.2580485135206594	-3.8374507537338318
1.7512150601386380	-3.3300277774326270
1.3317128700241829	-2.8479075549751247
1.1873857354903585	-2.4413960611604866
1.1118068845031868	-2.2701846983032379
0.7956950405016358	-1.8553685183601092
0.7356129062208590	-1.5666986252075856
0.6506286429480528	-1.3692428246666755
0.5730182509208214	-1.1681219561793581
0.5446719344269587	-1.0198299870203578
0.5252997803122398	-0.8776152027797592
0.4831565799319458	-0.7717105510471323
0.4620906756044677	-0.6690123648472904
0.4303833848355748	-0.5722641873797686
0.4122500083098964	-0.4973598037188330
0.4046332985255995	-0.4474816920899911
0.3913812781487361	-0.3473287455641864
0.3980781269835506	-0.3067096586477943
0.3805204724858494	-0.2625455456490667
0.3704967862180555	-0.2284259985143355
0.3807948272330438	-0.2131237073126967
0.3512358215232748	-0.1944210586323031
0.3443836444649938	-0.1533366902532352
0.3466977105420714	-0.1466189584553931
0.3336241419264422	-0.0976340513282723
0.3772944488233322	-0.0965433584112141
0.3625390710801836	-0.0919683395730054
0.3495916535789424	-0.0950950492863086
0.3343534281220119	-0.0802269723674975
0.3317769018258968	-0.0655172643243157
0.3422145020091321	-0.0673543006642813
0.3349380494475391	-0.0443598426325724
0.3351476924281041	-0.0520215796961761
0.3266068801733600	-0.0425782649375465
0.3327670066327458	-0.0414382592781598
0.3307770771556102	-0.0388726811658104
0.3310890171577505	-0.0355065849907925
0.3220910903134784	-0.0325346318224884
0.3218699682461887	-0.0203132514060430
0.3165157120391474	-0.0227724982472055
0.3266742482409306	-0.0242658602329761
0.3183022923983910	-0.0174224459842838
0.3179957789701172	-0.0225225651125864
0.3170660929361056	-0.0189591363178780
0.3166528794627168	-0.0185897392166370
0.3154234474345550	-0.0174293681754013
0.3128188598676532	-0.0155667974116817
0.3061852178392709	-0.0120363339593118
0.3119982180583949	-0.0148403147577053
0.3092692732443034	-0.0120594341369331
0.3128533832636095	-0.0115077409908579
0.3074377018885411	-0.0129247981425823
0.3065982743351551	-0.0122444747577247
0.3059654004526833	-0.0144459778903570
0.3052239505149482	-0.0132431226728303
0.3034209972185843	-0.0123957961990668
0.3023092217352108	-0.0125699834249304
0.3012787044036916	-0.0121909030818584
0.3000398442421194	-0.0122118893603332
0.2996662492609593	-0.0131731585313851
0.2981325579190173	-0.0109369969125700
0.2959461031282287	-0.0117128706392012
0.2952288699273176	-0.0121853868092077
0.2944914537628606	-0.0106463157031570
0.2924536000800712	-0.0095310893765522
0.3022433915191518	-0.0031531295332512
0.2564008644182385	-0.0409064273657804
0.2874817671828855	-0.0236893560758752
0.3100605039169863	-0.0088834894460398
0.2874237206338922	-0.0115256316108454
0.2951903739305105	-0.0115087719533082
0.2809200031062650	0.0062431880078314
0.2859526903451160	-0.0038576614447466
0.2855129576717710	-0.0203810112084873
0.2795783582579436	-0.0196039177442275
0.2817702747741235	-0.0085067058158097
0.2822337027315690	-0.0105924076409483
0.2797708815293703	-0.0079058013740499
0.2786651083882918	-0.0069771054903780
0.2756202743479901	-0.0055980799145445
0.2780598278868747	-0.0043097218280310
0.2673342558245450	-0.0200462361763352
0.2716420371937494	-0.0059490530567656
0.2783914589884856	-0.0076125427557042
0.2643971354396870	-0.0096902573377333
0.2757559706745374	0.0089781282528990
0.2838840150809037	-0.0198914448459933
0.2605289226878452	0.0153520215860563
0.2781187830170376	-0.0281471578451791
0.2737699756741327	0.0267398781124982
0.2582951572381170	-0.0029274205120657
0.2836934314379168	-0.0366585506387664
0.2932623370554707	0.0151918083288651
