5.6961329401930954	1.1600139191694661
3.8863554312061432	-0.2644114402338112
2.3013897050852923	-0.9622334772298757
1.4972175420464831	-1.2461632294680880
0.8954616573993021	-0.9186702725510259
0.6406025815471906	-0.7399358003267852
0.5139454660834359	-0.5749599603022331
0.4585697008688482	-0.4084252900001150
0.4429886871063108	-0.3079286651323835
0.4179482740082011	-0.2130950757724928
0.4061617354065565	-0.1743921027090404
0.4049808418259405	-0.1293289311907109
0.4230312416730340	-0.1039643773262694
0.4226542108873992	-0.0831920674683874
0.4242697640160932	-0.0612671409599950
0.4173450910035745	-0.0403779749283586
0.4201877446587575	-0.0318969689978760
0.4262057836173117	-0.0258037726010174
0.4218621017367604	-0.0238866906818074
0.4234638040177842	-0.0200316660093586
0.4298950306282284	-0.0152007078548038
0.4274756693883459	-0.0170180422248775
0.4292404048599411	-0.0126430501166941
0.4275706575599060	-0.0113583402060730
0.4275001872240674	-0.0121933316868588
0.4280380162743527	-0.0104896726054241
0.4268100252368622	-0.0090954261937036
0.4263526849039009	-0.0078584759335745
0.4256922368152299	-0.0078718826907831
0.4253213260000107	-0.0071297506705126
0.4247903107637612	-0.0055156811412603
0.4240854273224280	-0.0055396298367390
0.4241505447927616	-0.0042803799319960
0.4232377717418039	-0.0033151948826903
0.4233873849034094	-0.0028502509439085
0.4228447181935292	-0.0021691891762769
0.4226624216623421	-0.0021351852999763
0.4229187367822090	-0.0015465733475409
0.4225853914056051	-0.0012044654410629
0.4225232122571732	-0.0008169711976981
0.4224336640180687	-0.0006509986722226
0.4225556215309603	-0.0006289723943915
0.4222896136471860	-0.0004433620282727
0.4223401389827905	-0.0003625302758370
0.4220611812663335	-0.0003795357917463
0.4219349879251768	-0.0003183749029771
0.4220048045269327	-0.0002860450284310
0.4216535511703773	-0.0001085171398133
0.4214803717305772	-0.0001387071300902
0.4212902717085591	-0.0000414529996572
0.4211420124259708	-0.0000100433189087
0.4209848199916223	0.0000036233788781
0.4208061466407974	0.0000527574768155
0.4207010227668043	0.0000250030148673
0.4204087008685819	0.0000427244127407
0.4203656004808358	-0.0000723309223821
0.4202246939091969	0.0000738483554342
0.4199989766344942	0.0000060682166147
0.4197923591462486	0.0000311193335782
0.4195829218642084	0.0000468595244081
0.4194222202836571	0.0000082698401913
0.4192645097649464	0.0000107007664983
0.4191036310160837	0.0000236977747822
0.4188969887697795	0.0000432761642844
0.4187245450776606	0.0000898884787942
0.4186004222785893	0.0000346188619720
0.4184158566196046	0.0000495716933202
0.4182597265788646	0.0000140132776848
0.4181513158256116	0.0000596176315519
0.4179522796144582	0.0000706626074545
0.4177758752158828	0.0000774395637807
0.4176151714846549	0.0000328123790640
0.4174687698087103	0.0000391970696932
0.4173565808002531	0.0000295631028709
0.4171715016578225	0.0000378052913811
0.4170118857864331	0.0000637850960176
0.4169432257189874	0.0000109248297914
0.4167576781592162	-0.0000303702323015
0.4165289734388125	0.0000103566097200
0.4163190784799200	-0.0000089803855378
0.4161135828120305	0.0000509439539710
0.4159609925559161	0.0000094908405421
0.4158034764808058	0.0000164515015635
0.4156261224560375	0.0000380766396878
0.4154400106818629	0.0000050712886738
0.4152180365525036	0.0000512915106200
0.4149914365643952	-0.0000609183778740
0.4148249311615751	0.0000122341745068
0.4146790302469988	0.0000212774547488
0.4144771754055805	0.0000643509807116
0.4142172840754274	-0.0000064488370576
0.4140128885843927	0.0000166339034770
0.4136836368897903	0.0000065292970835
0.4132816597932908	0.0000077644795905
0.4128266625925026	-0.0000190158157743
0.4122650089030278	0.0000289174015007
0.4116373643632667	-0.0000049071002062
0.4109180536721930	-0.0000132260180483
0.4101226878706676	-0.0000007822470986
0.4090736090103457	0.0000173994878073
