0.3314495547820966	-0.0221085477297438
0.3293493332697786	-0.0202083508799088
0.3241446799969760	-0.0099679344578324
0.3222147172952534	-0.0111978219630962
0.3291434705768693	-0.0145321764483598
0.3241328133647152	-0.0169869224730212
0.3261745743769327	-0.0140830994027008
0.3234290399566061	-0.0106569469996827
0.3183565215896591	-0.0103894403118522
0.3218130695779417	-0.0131599313253695
0.3188495689664057	-0.0148709056553705
0.3187397685707917	-0.0139263015615898
0.3143615175280726	-0.0103423814920410
0.3146246471591233	-0.0137444809177520
0.3126725819615560	-0.0093798097827152
0.3128982090959440	-0.0110453103441338
0.3180970017226502	-0.0188467072216617
0.3115438704067050	-0.0185094838847501
0.3201239582901770	-0.0137145172828463
0.3011406983467176	-0.0078886575350952
0.3198077853703663	0.0066945129329081
0.2369139773609392	-0.0550104646274957
0.3029093868558099	-0.0143498965568386
0.3195720233107280	0.0009934925415412
0.2919443744147569	-0.0137404922832339
0.3085487747271363	-0.0028435614100207
0.2848210557964565	-0.0100055500438199
0.2965914681344458	-0.0165687782285201
0.3162438215531460	-0.0138286335921354
0.3093585282399984	-0.0181807065065338
0.2978630959246099	-0.0074403053663595
0.3091827723447926	-0.0096988729531058
0.2977427061493053	-0.0120737093723490
0.2991252695862936	-0.0114054407094360
0.2996153698623172	-0.0025796286316260
0.2879654595961917	-0.0087975260357640
0.2969057174522755	-0.0017060339807799
0.2901039213369436	-0.0058551528951801
0.2918032698463241	-0.0081552398812836
0.2857335213717245	-0.0088387410016901
0.2848658310643921	-0.0018437853692989
0.2916490373772555	-0.0074630051763740
0.2838433832212516	-0.0071153458750295
0.2721745071230752	-0.0030075826666615
0.2846112211403167	-0.0052515362778622
0.2990314420915713	-0.0061258160552833
0.2833253159410111	0.0089257918122000
0.3192087396049841	-0.0306386500480776
