20.0226579048276780	-4.3579169818875778
13.7126275119316400	-5.4941265925618064
12.3495747319623190	-4.4884082647034882
8.1537743992599374	-6.2235706770468378
5.7113563878445150	-5.6926872287791976
3.8459687167693799	-5.1962541129225990
2.7861999956775967	-4.2943656144944393
2.4962897000093798	-3.4200799975316016
1.6886969551216313	-3.2253037452511313
1.5921324570228648	-2.8843667573766067
1.1498743034783712	-2.3541269682479276
0.8518638564091340	-2.0428434868028131
0.8189664376169049	-1.7590798385868718
0.6798589639221657	-1.5642274839270571
0.6909299650932140	-1.3883210028144153
0.5780486947849125	-1.1681255959327523
0.5559182237871807	-0.9843907896797470
0.4849177808277450	-0.8847879506271206
0.4805031992003199	-0.7388900731845016
0.4794523435448554	-0.6543555942806536
0.4598189084492048	-0.5796890675626364
0.4243127862320384	-0.4812469397459340
0.4224331595072197	-0.4229511574862915
0.3971401765534576	-0.3854481698295321
0.3844461156296067	-0.3243103333445136
0.3774646028859262	-0.2816081649927848
0.3705659752147612	-0.2458948137299372
0.3636953057981182	-0.2145588980310848
0.3570946215431141	-0.1872319974856367
0.3497620058346704	-0.1628065528214881
0.3407458882500986	-0.1371010100425766
0.3347865316136239	-0.1070734744856295
0.3635033840614489	-0.1084500682691350
0.3482757166684176	-0.0982499825740024
0.3431127273719697	-0.0858020377213031
0.3375792072284432	-0.0742069061203617
0.3372149961199731	-0.0660886541477900
0.3343162157594412	-0.0591359146431560
0.3318381194519363	-0.0528002748046186
0.3293089562933846	-0.0469827272690270
0.3277549573315643	-0.0420058883509800
0.3259333384831389	-0.0377151658843358
0.3250886789203900	-0.0354254965067118
0.3235019699437633	-0.0397564314223196
0.3214343545338008	-0.0223697248470592
0.3279776713613548	-0.0228654294715313
0.3155584057296633	-0.0315075649018395
0.3260212137632123	-0.0237983782744074
0.3234644751629156	-0.0257071169652981
0.3033349443185173	-0.0250053770859003
0.3072881757813048	-0.0300084081921962
0.3224536618597348	-0.0116264287880325
0.3231680510975181	-0.0280275632776422
0.2929986349260159	-0.0225078751807921
0.3113652662323695	0.0011190235618093
0.3223949503993515	-0.0186640286107587
0.2896803712211964	-0.0150827281543381
0.2904514280005965	-0.0060231934572094
0.2885450024021786	-0.0018425770561335
0.2900712057712080	0.0011725293133660
0.2878695305690806	-0.0253522274447577
0.3095210234239905	0.0037861075946408
0.3153274543525818	-0.0234772032991233
0.3066628941534543	-0.0290722515762956
0.3133536371412434	-0.0214757584611592
0.3054800219515008	0.0045584393116144
0.2757938164892425	-0.0119352630453889
0.3081335172451756	-0.0222446055324242
0.2800243406663120	-0.0058068568233997
0.2848420049769410	0.0030119547034146
0.2782377876784230	-0.0206194841625301
0.2758123251099732	-0.0039550088259648
0.2960202882734446	-0.0363620916306103
0.2531142551933164	-0.0101499026806311
0.2579873462563276	-0.0158887207971554
0.2994447931963221	-0.0203294740741059
0.2737899483336835	0.0046805692504622
0.2689113889190928	-0.0100630118794242
0.2849935278780985	0.0106848666361263
0.2888527604424174	-0.0027822488125660
0.2729418340904498	-0.0285531640892684
0.2595487091929367	-0.0023781042469072
0.2897053165354404	-0.0184946262999381
0.2708444014215379	0.0060713086330851
0.2669316120119300	-0.0199885536992378
0.2906916511830480	-0.0122916620906555
0.2769274962801385	0.0084163478279185
0.2600016426878897	-0.0002185554563077
0.2642761651352490	-0.0092314060944433
0.2726309187581332	-0.0238593226130212
0.2893776402457336	-0.0130673903000525
0.2875309070516200	-0.0041182158349878
0.2771510974629039	0.0145759160894756
0.2800052206649387	0.0078062289812600
0.2667195775334603	0.0113754569803036
0.2597611807563142	0.0166011598566904
0.2446089751893530	0.0043882175430361
0.2647430600455845	0.0007839737370954
0.2397964536079968	-0.0024179927518391
0.2716410426087528	0.0095280089628706
