2.2892692252709463	1.8704021282588263
5.1800394239108680	1.4266071013717232
8.1585920216168564	-3.5740434731290027
4.0610813475863834	-5.2235688088928294
1.1519531804144967	-6.7065151182085687
2.6949383250922994	-6.3350526754222782
1.9194170406698143	-9.1599753678605058
-0.1023790365111514	-9.1140130923444875
0.3949665132011581	-9.1042794639529934
1.6491574976129240	-10.4264944952807250
3.5331195442911203	-15.7773003746200190
11.2195613286184040	-15.9534601347784730
-7.8950529314983147	-15.1550374964725630
12.0470862506493270	-5.8712817777027082
5.8399412028677427	-5.4147651878288103
12.5715260091975320	4.1239047240512487
-0.5137842802784568	-8.2607705280911272
13.7464674060558460	-10.1354987621871260
3.5996758420980899	5.8283985578227222
8.7487880350831908	1.2714362513280792
2.4288802227837976	-5.0098049278771004
3.7883607914021717	0.1018648072132347
-0.4912195853156428	3.1106576473125256
2.0012905325401200	1.9627675414372316
3.8439899590196460	-0.4486738444210905
4.0233180185268402	-0.7489781936845681
2.8106722048165058	-1.3934711665148349
2.1206937377341180	-2.4873544182299767
4.8793515492634798	1.9058727121010488
5.1320188915465961	-1.0613807656159500
5.4802651284271056	-6.1542937470325052
5.9064291797590576	-16.6815145498205550
16.9186941400827070	4.1875879267234648
64.0777630662653050	-39.8598254541989260
186.2466894649656700	134.9356470345061900
613.5182325029353500	-72.2432776813774210
6.5915717367608169	13.1642237506007080
9.7115831178818652	0.6319585106348565
28.2621877082403290	-15.0954693360770860
9.3654570605944318	0.8617734716238363
17.2702828880342380	-11.6206720055377630
34.2102449197043010	1.0213977228969238
-654.6250061737991900	-2933.8715287957643000
20.0845640289350340	-20.4889917674347790
2.2776118981332476	0.6251591420579444
3.6359545063542016	-3.5212873755437086
3.4979353157057611	0.3486902985928925
1.9660502222895639	-1.4176314911826160
3.1693813825189587	-1.0901227963191931
1.5853756961199170	-4.9273062188488801
12.6392709979047720	-16.9585430604172770
5.0193890477211216	-0.5622367084894908
4.4512126509027921	0.7004802068648027
3.6334350368478940	-7.3336733886144740
10.1809229396296670	-3.4788593411731372
8.9160108878878184	2.8689234541596584
12.6587172805209980	3.0873203500819102
4.7998113752218572	-6.8637836707453115
38.8404592366869110	-1.4287310565991973
114.7533509603614300	44.9249466340860550
62.8526359391713210	131.6745430076946100
2920.1285439767989000	-50672.9314667695140000
-4592.0637176520850000	-63129.3405332249750000
163.4725141172273200	111.7616493281000200
409444.4739611265200000	254328.9405510927900000
127721.5040419728500000	560641.7332727719300000
419444.7047136189100000	14199.9248713497450000
252576.7076415102100000	-227820.7657819684000000
-457841.4306131244500000	-730877.7790435376800000
367076.4686876912600000	-268289.4171293450100000
919336.6607493988700000	708081.4990798697100000
16525.6577454135480000	-415999.3204461573000000
-8657.7021947634184000	-237289.3074959210100000
-95230.7280519062620000	-140614.1831137249500000
-57095.4250232722330000	-199603.4860173068000000
87138.9176927587540000	-382006.1894958875500000
366674.2522383450400000	-158689.1614280765100000
212395.1884970381200000	629764.9455248547000000
1383398.8381799574000000	24035.1960899941150000
1039962.5196710111000000	-281753.9856730297300000
1015117.9453652289000000	1020668.6056661451000000
-404705.3872720293000000	-1859360.6442832872000000
5166368.2828441113000000	-1440430.8211290599000000
8724611.4639916252000000	80825.5946429330650000
6592254.4585220488000000	-5112873.2370699747000000
6069417.7554728808000000	1256067.6923778735000000
4942903.2290785424000000	1424540.1054961372000000
2698899.0042114076000000	1529921.6515479193000000
8708748.9606253412000000	-5860304.6527249916000000
11199474.0126979310000000	-6562248.1999248201000000
5924535.6458441401000000	-2643734.8677169709000000
8638827.2881973442000000	-7183146.4180156430000000
3565158.6001899512000000	5232348.2376984684000000
23194319.3195901660000000	-9681063.5208028890000000
8631559.1766785458000000	-1575289.6916166209000000
5299156.2980762394000000	-1590946.1103096018000000
4332503.4996290915000000	-1332957.8611810189000000
2957716.8514465061000000	3243023.2295565815000000
5094426.0283783777000000	2731858.1663894202000000
5378890.5384063581000000	1497390.9267021285000000
