3.3333349696834285	2.8884187153581422
23.8899437476324760	8.9365962618880221
23.5686113143946440	36.5627069376906490
66.2168656107768780	105.9328397134896800
59.1857382885089510	110.3606682609389900
62.6540539809100570	115.3843717266092500
65.3479846426899800	120.6054035209970600
72.1702249255076680	137.2941388309799300
84.9393846903024750	156.4954245084276200
97.4127558050858940	179.8369698912909500
104.3803165359571500	213.8627705546609800
100.1290839616411300	228.8896114811589400
113.9223609254811700	289.9426918869055500
119.9930128906454600	351.2236110987785800
116.3064565566944700	412.8704470624025500
124.7714710589898500	491.5259495467946600
85.3441647153235720	103.0095151039644000
15.5344673801392120	135.7360953645412600
28.2153193601943390	757.0808740651882500
157.1559928203787700	15.0744348640026440
78.1535089868268930	-21.6206925011087950
1019.5571148380411000	1761.5302828884908000
1084.0086394366604000	1919.3352171030558000
1155.7886481448297000	2118.3531914608152000
1212.6172308806326000	2361.6133260919996000
1113.9248796362936000	2661.1246240730893000
1332.4874942293088000	3030.0289543518588000
1493.3827699310536000	3433.2874988098620000
1504.0138492631531000	3915.2790003394216000
1726.8122055120614000	4444.0043167276526000
6496.5117858971962000	9132.8110173668538000
6886.7160772191855000	9527.8493357595089000
7458.0347124342607000	10196.7658726098110000
7890.3689307011618000	10950.6713808015850000
7864.4580856864177000	12130.0663874423990000
8632.1023212281398000	13048.8152385478880000
9017.8952200641197000	14780.4985342428680000
9161.2848592762130000	16441.2164172284940000
9499.1825987423690000	18575.1624213710270000
9604.2001468162616000	21060.0005742652570000
10099.4909915754230000	24233.5764777766820000
10352.1833582031400000	27878.3140565909530000
10479.8426705010390000	32084.6593733109980000
6089.4335237098312000	42377.4098103128560000
0.0026539333802810	-0.0002149931077949
0.0015472181457483	0.0002390136887234
0.0013331499629510	0.0006003046352591
0.0010621865414062	0.0001591878271549
0.0008518844806252	-0.0009064982990078
0.0005394095951607	-0.0002814325478305
0.0007079514747617	0.0010466556544501
-0.0007472592733610	-0.0012830131047285
0.0015655647407890	-0.0003695314328258
0.0014986334560717	0.0003426938628177
0.0005143082815928	0.0009480212521377
0.0015819497006611	0.0000695688271193
0.0011942212556142	-0.0001009259965459
0.0071206151567157	-0.0015417805833245
0.0031640287362697	-0.0019599451429437
0.0010248871650577	0.0019485174987859
0.0041051437045349	0.0008309226076663
0.0046249890231756	0.0007473643698036
0.0012620363217207	-0.0040984042756181
0.0037498038032039	-0.0037058939818998
0.0041522154367034	-0.0010388080185551
0.0039342096403375	-0.0004367910077927
0.0121263170129915	-0.0070851453323436
0.0058344180894358	-0.0006872932966623
0.0039823921179838	0.0026737285443826
-0.0047135809582078	0.0071433637394466
0.0038917674934950	-0.0072653107159534
0.0101262393322940	-0.0056917479076024
0.0098068280503049	0.0058575779307162
0.0080048030681177	0.0164186653080795
0.0198889789671448	-0.0122536438166026
0.0197808135934679	-0.0007733461540483
0.0044705213984475	-0.0250571494209217
0.0097128544742128	-0.0154135522687611
0.0481212689878396	0.0022868114799772
0.0211412158090167	0.0324540469844489
0.0268105275405191	-0.0311958172262852
0.0322220892020085	-0.0011606324200965
0.0660256439595203	0.0186858612812122
0.0255720542359190	-0.0397108191474903
0.0564758991161531	0.0419428263303544
0.0695165261500110	-0.0359755607088913
0.0971831179701927	-0.0039064064365991
0.0471419020573923	0.2645993756310578
0.2770719183548364	0.1702250078603271
0.1638792817345263	0.0686756996386212
0.1214528936348051	0.0885046451026740
0.2693135116614281	-0.1401396621713379
0.3165177645754583	0.1612348271580533
0.3497518447444833	-0.2134292492514127
0.4294526308760642	0.1835495215065328
0.2843600136449596	0.1522569830506821
0.4457522341636586	-0.3769080718816363
-0.0010294912670867	0.3640762027877053
0.2122379031558540	0.1163350998888865
0.1770919725410855	-0.4316080866107784
