96.0847520587543900	-8.1085032901487590
63.9828916279521210	-61.0600113565524650
212.8250760870472200	3.7208997726802218
3.1736595651842427	-6.7352355763772866
1.5436898363160747	-8.3796064754837545
0.4874130684605577	-8.2531469113054445
-1.7907208095594576	-8.4226014916699405
6.2439634344225050	-8.5859814592886377
9.4473744328778047	-8.2273055373171520
5.4715159132057298	-7.2656183317385548
-3.1197257969270709	-6.8295354292833030
264.0333473824391600	84.9259295714597040
108.0088528967952500	311.6383628964034100
109.1728300204725200	361.9313686684874900
111.9066576854748700	418.1749798989945400
115.3284173205278900	483.4606101973841400
564.3522931671778900	1160.2525740964375000
665.3313289441069900	1258.6201126012052000
763.8905387494907000	1358.0884359225638000
859.9926986544181800	1461.9566116110641000
946.4431604834641100	1577.0233823598655000
1025.9178699832735000	1709.1508802714209000
1092.1057660540255000	1865.9215121195368000
1150.5440497269522000	2054.6296738917522000
1201.1951876721184000	2285.0233937339426000
1243.2380688323590000	2564.0659428428921000
1264.4758711618088000	2896.4605853599287000
1317.6725705532488000	3305.6513296645790000
1361.0658537997381000	3797.5103821629750000
1410.7471511815438000	4375.2747024377486000
6169.0430071701330000	8778.1723531368698000
6723.6878616331478000	9325.7451086597703000
7227.4097004013602000	10024.2163743490380000
7644.5660378740849000	10814.3769159932200000
7993.5759622245923000	11828.4493132927950000
8373.4840516331642000	13106.2714704551980000
8600.3188879387053000	14510.4159071657690000
8821.7155630535781000	16313.0891434930400000
9094.3098313839091000	18583.2940126941030000
9234.2691565788446000	21167.1165468134570000
9443.1411572699926000	24158.2674630773580000
9728.3813463499373000	28017.4414757336130000
10033.8880202610490000	32298.0875988886400000
11663.0330036511800000	37809.4126435591460000
59994.1516728534630000	83985.1816068116750000
66211.0980159528120000	88744.6873226224710000
72209.4981652736310000	94069.3562815644690000
76438.4864866161080000	100317.6043972236900000
80545.9808383564230000	108232.4767019120300000
83944.9950981610450000	117803.4843333393900000
87147.0015190972190000	130300.2730489738200000
89857.7326615087800000	145376.9469880298100000
93137.3383797769350000	163074.6712295228200000
95917.8426640227990000	185328.5412435546200000
98074.1616501164390000	212547.3339634497800000
101231.9463424876000000	246883.9070611314100000
41000.7503541359770000	32195.1428319859010000
0.0004957664307439	-0.0010055622773617
0.0000350595102602	0.0000332292966415
0.0000736213596787	-0.0000197085663035
-0.0000038637124414	-0.0001009584022045
0.0001177735876135	-0.0000684502201435
0.0000147761566997	-0.0001458090247089
0.0001037955666177	0.0002425590046140
0.0002598807684810	0.0003152685644040
0.0004380018036805	-0.0001094852038420
0.0005858296222478	0.0000740753397742
0.0007866096716045	0.0004570146978523
0.0012310663639858	0.0007010139418729
0.0013609535319984	-0.0005692446019055
0.0004646485351631	0.0010591570038120
0.0012901287592875	0.0010071595828014
0.0013059365805647	0.0003486386624875
-0.0003012784281324	0.0023634031725196
0.0030063967715112	0.0019624696178768
0.0006147420902366	-0.0036943607838467
0.0039923176546273	-0.0011383788017147
0.0033024241115427	0.0002459515426666
0.0044184110667052	0.0000252892639750
0.0048261340173426	-0.0015467103097647
0.0034852081979129	0.0036556224474400
-0.0020494016867932	-0.0077093340331182
0.0021791691670942	-0.0082429645702079
0.0079005395158170	-0.0064230460124565
0.0115251876982521	-0.0107999449682746
0.0089881748079865	0.0143799594625316
-0.0079917576630371	-0.0128436570069535
0.0273367833095426	-0.0008518114047013
0.0083696855356429	-0.0254311358360628
0.0432231461201892	0.0105787726707641
0.0238800935720132	-0.0062546092291406
0.0384778251964938	-0.0234504809973739
0.0502747734009730	0.0062734867127642
0.0509602287294449	0.0185525166206426
0.0464698890438498	0.0046684646922906
0.0711867365590889	0.0005119187687525
0.0611035174957369	0.0271018893675615
0.0943890319654486	0.0227958200245933
0.0663354538298945	-0.0042984289231104
0.0663887126996325	0.0073441026488833
