26.3206378279028640	7.0236975675789930
20.8313060619531680	-0.4773564565287717
13.2368213076648650	-6.6827059603145429
8.5802603678168499	-4.6016171777745551
6.7516249671876851	-5.2097488027310437
4.6178749239434342	-4.5814650030488879
3.0787711436618439	-3.6657105757313779
2.6414412570636996	-3.8773932449029269
1.8200391426218787	-3.2170869610656849
1.3877882233912140	-2.6450491000311391
1.2362172647396732	-2.4570420287835071
0.8641495882128525	-1.9982788772971682
0.8047840623875181	-1.7931439734955072
0.7251013917778466	-1.5420620870716752
0.6607088874167396	-1.3374430376529096
0.6006433298946141	-1.1896596277430713
0.5664204866784395	-0.9909799921523892
0.5372543768061910	-0.8583784265514547
0.5077500079027905	-0.7388914314097506
0.4889508076273084	-0.6430326072755700
0.4727806675840357	-0.5545720227311397
0.4596372108746018	-0.4783933196044959
0.5530578682608516	-0.2579839938477290
-0.4408529288015844	-1.5688179520276353
1.0900622741086956	-1.6849239331572485
1.5121414022522415	-4.7878065867401478
2.0912844128603520	0.2368374788765578
2.9166352044774397	-1.4842604804539574
0.6417794308086384	-0.4454209247443479
0.5384731113399409	-0.1708175562347641
0.4048609393028643	-0.1238654636941496
0.3633088457547152	-0.0903145738365699
0.4036233878944066	-0.1105025215449147
0.3757785466646477	-0.0960366396338926
0.3670094479005098	-0.0880626736824723
0.3573807487408633	-0.0783384558605101
0.3782171441927638	-0.0594012577388455
0.3502598619517433	-0.0603528032827672
0.3502127983997613	-0.0560065126920023
0.3459481169293852	-0.0505571526412823
0.3441564020668165	-0.0430979548057033
0.3414494583601951	-0.0397944028282990
0.3431875966431377	-0.0339538483765357
0.3349402651815920	-0.0342874517033172
0.4742645831291746	0.0551417485913701
0.3368774886156646	-0.0293518021029640
0.3339764161808967	-0.0259910234925373
0.3332902962904232	-0.0229466122923423
0.3274919365862423	-0.0185828363161120
0.3301980112996996	-0.0217548885084379
0.3293264932443439	-0.0207340895325313
0.3271666042630122	-0.0193747153743200
0.3266401388093719	-0.0184047791170339
0.3247081633062761	-0.0170785814507285
0.3245336279571954	-0.0191621054065645
0.3218903746736944	-0.0166836996339837
0.3211729514050477	-0.0155773660333153
0.3198395095594748	-0.0185570445248378
0.3175437642039801	-0.0172676856131838
0.3191759712296571	-0.0159710645538806
0.3124660157004833	-0.0127266157469414
0.3122293437330884	-0.0131937988123565
0.3092002620352712	-0.0140750565613581
0.3099803437915468	-0.0120688693647066
0.3072417182105943	-0.0098038415373922
0.3101667096965007	-0.0137780903808395
0.3184652090627830	-0.0301098116766486
0.3066816159074467	-0.0371015944431517
0.2891377416237729	0.0001850371059244
0.3034683454227933	-0.0053645953795435
0.2816442291452526	-0.0255087576459759
0.3079863983265909	-0.0123905094851020
0.2907248348609246	-0.0264571001414541
0.7009597792166178	0.1220405809944228
0.3057910574280263	-0.0121119568182535
0.2805162371034432	-0.0232425714537165
0.3014073348680008	0.0256654457991619
0.3073607979807720	0.0017897286730063
0.3067202589570801	-0.0327917567935958
0.2848658780033735	0.0316642739876604
0.2514869073588781	0.0138339487042240
0.2419857521061977	0.0675798185168026
0.2813123408663797	-0.0045222434402265
0.3564466779557573	-0.0100406384127750
0.2847444145049934	-0.1376555541371392
0.3065346019741737	-0.1084607025572828
0.2883427608834143	0.0766583345007974
0.4077862583930501	0.1475586742090793
0.3324212656268959	-0.0183865363275085
0.5281822143564148	-0.1436939817089118
0.4964386079400815	0.0968441894056815
0.4928896820073082	-0.2149260448315134
0.6144399778709855	0.1790385225853134
0.5186241406896681	-0.3900366290217066
0.6840143438341593	0.0243051387068646
0.5283903878474417	0.4405224424074006
0.3715196469736128	-0.4684268773032752
0.3322112610744533	0.6400322222074290
0.7470067280928937	-0.1111209691350566
0.2337479166968297	0.0923072121599612
