4.4177669741443921	0.8521954552851924
5.7125525747352643	2.5331001169803922
10.2588763598189980	3.8739161498367558
5.5472161384670224	-8.6344735269250261
3.1923205969011463	-6.3665385031717241
0.3577882457957090	-1.6311208911785409
4.8554973802682380	0.1803427152486040
6.0817796706208043	-13.3657975365345490
-0.1558770920137604	-14.7876056859725400
9.7212380371894280	-3.0370496042600035
8.2799123777075607	-6.2433072195195987
10.0691563962920480	13.0889417904759120
8.7366066493841750	-1.1717574346711648
9.7616147770325306	-2.5595710418783582
5.8941339028005162	-0.9895684981079703
8.6394871708634255	4.8089007905327419
9.4237141884311821	1.1270037098294925
-7.7479649260792138	-3.6018612260217244
3.0195144236655294	-1.9481553173374213
1.3711459682536253	2.8621914031050935
-1.1593121939868529	3.6060262608245783
1.0033794032177039	1.6866036798867809
2.0237499906928749	-1.1968761401276851
2.5985191831487215	1.2360664437104805
0.6016802492412653	1.3187474950310245
2.2050488514460413	-1.8042412756949244
-0.1564455384805441	-1.7517333951004725
4.0591652609147664	-0.0904178777895942
3.6121721913885176	0.3034006591140724
2.1135250184992236	-1.8457721103711113
3.2128118417902751	-2.1330044253728082
1.3942867766828333	0.8822098728583869
2.0667988178216974	-1.3340021992087692
-1.1822722133826808	1.2539682902986100
2.2907913409320972	4.2120237693290328
-0.0444729736247802	0.6452229968740845
1.5545951442409802	-1.2019619770906420
0.6933766449482548	0.2264662788812950
0.2964225823159574	-0.4412581907223274
0.4941194077876367	0.0349426621679247
0.7405249480154905	0.0632093214086718
0.2706373121933040	-0.5100018036061964
1.3100358482312007	2.4375292600631782
16.8909510520762610	-3.9388205302360855
5.3469031197128913	-18.6123962869519170
39.2720926885784390	6.3858788811339515
18.5799003879321920	-14.5050303523123850
8.1515298948144288	21.7092354492025310
44.3358772085157110	-29.1662491702897530
7.0989676870038920	-30.4492731248737980
19.8219395211938620	30.7877070590392990
13.5914882232909890	15.7001399964616300
25.8274149757224230	-15.7665364687083650
32.5879157914208120	-1.7316671189203441
26.4011684162792330	-7.5792947380892519
17.9033680925477690	-28.1556713013720240
66.7226598305613980	41.0019018900838010
66.5104240621494260	7.7361890635417279
13.5346136555644880	32.7445876887532140
8.8693346860450841	37.6872921828187730
77.4993671833794910	15.6704166762679510
26.4321943778242780	74.8834121783879280
39.0312009066514920	99.2009214378965540
98.8391261374327850	29.0528982981449960
153.2090017177802400	-14.4685811677139530
242.9644192953376800	65.1534262964882490
328.6395427742555200	-297.0217397442827400
172.1757584064290500	158.7085311344099500
266.2140700532028700	-280.4829502004803300
-77.6574291880915840	674.6480691950017700
341.0773547033642800	-74.4575762956395690
2041.7091604557986000	-542.7344109073440000
1086.2271289564740000	-582.0605100377921400
944.9760840213117500	1000.9417765164209000
2103.1853662042554000	207.7698602418228100
65.4976259161165050	3055.5523707129560000
2265.6042270499779000	-702.5323308383816500
1111.1327247082354000	251.6853409555570500
2383.0663142502967000	1748.6671670417795000
2115.7128112343571000	-2705.5838686042789000
4435.9014647981403000	-3676.2768801614397000
7698.6953592280443000	-409.6016644553743000
192.9047945053189600	2891.6478398398722000
1353.3879711457439000	1505.0136174853656000
-0.0565635737537816	-0.7221811827371447
0.5766159466638098	-0.2718307366970387
-0.7911195379353641	-0.1449477192127325
1.3416513935500138	0.6651435139381204
1.4000086723702778	0.2374622587567006
1.5173820145963186	-0.0772041345415235
1.2574113385002936	-0.8330425417377769
1.5377225279821107	0.7344021829419156
1.8050872088924739	-1.2432597839088129
1.2732813548671862	-0.7187977999434747
1.5831569014875104	-0.8797603419941296
1.3950021974512119	-0.9543774708113050
1.2516481765915517	-0.4442146045238367
-0.6623866606827656	0.4936472467182425
-1.2790592367731761	-0.2896234798402044
-0.7575963117356113	-0.5115440321203728
