3.6998128497210887	16.9056860058095640
-9.9638104837572232	39.7036770833988730
-3.7548599373550160	29.3754448683153910
-2.7068649024659091	34.1851227120822050
-2.4225045537357293	27.7577010431048310
131.6800363144552100	12.6162271054870360
0.3489922882637173	0.5333995668294507
12.8219656352027580	12.0803288909191110
25.0000924953597200	35.0554551368277530
38.1659273924016770	35.0434663900758710
33.6444436115179290	41.1841387349769330
-28.9621994162513690	-42.8183529432122330
-10.9692239087986270	-108.4813757032121400
-1.7953072538505628	-110.1813295431820300
46.4647168009584060	98.8892420903183620
243.8909901812610900	-29.7220369780605080
170.0258041933574000	108.3552202549467000
167.2516164640992400	25.3539298740456860
11.9139456338258740	-11.3963838049273920
16.9380045590803870	-1.3657190146574856
-3.7886771321595183	7.3050854568422112
6.2770013354828293	-4.0916968733691874
3.6081784054974015	-0.2310682178302745
5.3485338879633337	5.8496253980790085
27.4913504508147600	9.4454248959969132
2.7841286652696140	-13.0584272005804570
3.1802456926433837	-2.0402497227688903
2.6885059492595533	2.9373844299963370
3.5792292996695947	0.1694662803021070
5.3541059777106996	-3.8791438375462768
11.8688839513141350	-2.5283335613130129
2.3240393823888996	1.5717843615514882
-1.8239723434452795	-5.4161432730422483
-2.1486446821741514	7.2266703780118489
78.2246979854785710	-7.4324840178502596
3.1160403938368169	1.1379057961596903
8.4357995673282975	5.4417591125557943
7.0557366113593503	-5.5225741542768843
7.3644735096317433	-6.3667203918202828
13.6322067150576540	-7.4631796034642619
12.3183556714608000	-14.7231145341844720
32.9746544392550400	-5.4430258485028604
16.8203656651802230	25.1114210261334170
39.5987701088038760	10.3309729023808290
39.2220853972718190	-21.0792494214500190
30.2792745673098980	16.7585864666696410
5.0673757691785291	0.0723000406839037
13.1857060274550440	7.7642675317818792
5.9509505730161329	1.2118268005019863
-0.0833799920924566	0.7730749373864936
0.2142282460639960	0.4962222842507676
0.4105554101455198	-0.2760427097181407
0.4517644562100114	-0.3726370875499371
0.4745661444979843	0.2370167171336093
-0.1653811647621409	0.4696270729493472
-0.0587539187986480	0.5408679311306678
0.4440783739649596	0.2577426411105884
0.4033254274266874	-0.2959485732962376
-0.4661152729543391	0.1252236262520331
0.4740734386940174	0.2807972853461030
0.4654047576629499	0.2866146632287933
0.3428754795222376	0.2647480421644995
-0.4543017303141361	-0.0938677705046533
0.3938697736117137	-0.2797435864116562
-0.3898508406937301	0.0867455015429960
0.3747708481943362	-0.2500435118317621
0.3847407006281322	-0.3387049280262027
-0.0685143818413928	0.3593736536285749
0.3777055947540512	0.2829292606504391
0.4806174862069216	0.1330880188230253
0.4546729420660975	0.3126691780769932
0.5709667133066356	0.2411118408663021
0.3541919287879076	-0.3106864055222816
0.0032379689123305	-0.5496098865533916
0.6741074995162657	0.4748262098118902
-1267.1086950120521000	-2257.9653582320361000
6510.0518167741993000	-5072.3497632874105000
4027.1793698758797000	1305.0381057012992000
5352.8562955374691000	3730.7531220974674000
7298.3252908305776000	163.7913268952266600
0.6527211967117907	0.4738358693685914
-0.0411928356482099	-0.6003381499908183
0.2967326693706388	0.6765929345502987
0.8021711048254463	-0.0206960082584968
2023.4995418443136000	1887.4240640665719000
1859.2277770982025000	1491.0409046906789000
2410.8575688441224000	2.7794716900126364
12193.4629548679310000	9904.1676427146267000
12133.4105096974220000	2139.6750202205717000
8712.2936008825345000	-12829.7544978284200000
3776.7623965206944000	-7508.7620219588034000
8035.0922362066995000	-3010.2457297834453000
6812.2546989439415000	6962.6055076010398000
6521.6839273888290000	2503.6535929924230000
1529.2148351835945000	-9628.1175210399670000
4637.2088301234044000	-243.6404622328517500
4929.0953377765973000	225.8206997240120000
6613.0194674928152000	5.8298847281708994
3241.6909996719587000	3394.6589828060978000
946.0886078243787600	-1371.5716998096757000
