30.9183915156403550	7.6478775863078647
16.5973385356275540	-1.8790076685447461
13.2149451112968830	-6.1070895503291407
8.9407729029873408	-4.3533552973518415
6.2776488568427551	-6.0610374617467784
4.1496694111460943	-5.0240035980847422
2.7908385258110369	-3.8374631523625986
2.1856131710709419	-3.8812927223036833
1.8538357487594936	-3.3073403010854370
1.5200218270883212	-2.6844731514754163
1.2116200216180730	-2.4620693746216853
1.5226248886915823	-2.3582962367939535
0.8097119749123470	-1.8351174076231571
0.7031507592040903	-1.5547879842932808
0.6399710031619147	-1.3459839586771525
0.6126409899644486	-1.1440523022358124
0.5460811286699715	-0.9962740068933407
0.5171891209554542	-0.8624278490392212
0.4871020254489082	-0.7451299458256643
0.4643925777902298	-0.6472131345359911
0.4509809551469392	-0.5601854155532547
0.4368208191836954	-0.4829762270057280
0.4257948374267553	-0.4161676183886224
0.4197399546696531	-0.3568844864150814
0.2628851848987260	-0.4454437088162133
3.2033312556382185	-0.1819114724684402
1.3492961009941835	-1.6344780358632831
0.4378417376409207	-0.4000548643825311
0.3349631570907871	-0.1360898776011511
0.3948579631392891	-0.1576304430617002
0.3739057503427418	-0.1416702990737328
0.3390506156656338	-0.0774961175279891
0.4011406073830360	-0.1121454006040155
0.3698572501057124	-0.0965343182915899
0.3632425934474053	-0.0902596904995468
0.3559964969177091	-0.0821179997009435
0.3530723866893283	-0.0650527518592775
0.3496830127913727	-0.0602645332576055
0.3462784062023231	-0.0547146224141021
0.3438097595042906	-0.0483374577424856
0.3418545579388503	-0.0449252217281128
0.3393264041438064	-0.0400540530778318
0.3872391012697338	-0.0571819584548261
0.3505510938410603	-0.0339529618946267
0.3348283757449306	-0.0309427257224227
0.3329612138704139	-0.0277618914313327
0.3319683129395468	-0.0265464681580266
0.3302326567645889	-0.0245808098806049
0.3286075973995674	-0.0271863485181321
0.3276696144999579	-0.0216465665013141
0.3261323771949673	-0.0204730302879245
0.3252496454918138	-0.0196056320842586
0.3238515730800955	-0.0192491313004782
0.3217627371198306	-0.0173035962693979
0.3209500181200571	-0.0173875273675254
0.3190735865393837	-0.0160516971549251
0.3188533312168731	-0.0151867857492949
0.3165328862846251	-0.0142321867907100
0.3146502799559710	-0.0159316475145345
0.3161389293501956	-0.0136540610032880
0.3144310515446037	-0.0120323810815878
0.3122492761335943	-0.0140164058159102
0.3115910352528424	-0.0100872276586185
0.3066736924369046	-0.0145306440593226
0.3105857525556651	-0.0095894423906739
0.3053231458668961	-0.0142848218749023
0.3083988768410368	-0.0150995194476051
0.2983830960261631	-0.0011791839087428
0.3115748966496333	-0.0130928032482652
0.3029098670226720	-0.0109413639514717
0.3086782393333599	-0.0134953242117320
0.3025690014525834	-0.0035023048540272
0.2866714775987880	0.0105964674611724
0.7910836803690522	0.1733509812744453
0.3090873109829689	0.0276940161800883
0.3967327460959859	-0.0342488966818010
0.2241137895891482	-0.1394743480194940
0.4324085420361833	0.0829110522035209
0.2117538760448184	-0.0298411894038458
0.2155032711760379	-0.0555559251507415
0.1748215629177981	0.1130700816435172
0.2867599209228940	-0.0334963585923100
0.3021327561918858	-0.0297761490335695
0.2961241786379305	-0.0354337569409757
0.4367398498619332	0.0295320509716252
0.2653451257856918	-0.1455373314916723
0.4530903868488687	-0.0279986829426649
0.3654386952805039	0.1439164911598972
0.4351304987408119	0.1377560311986427
0.4444110502834144	0.2143465116610194
0.3369100398916582	0.0239727672627405
0.6772893608529819	-0.0458475746212686
0.5045416970889135	0.0168962994022788
0.4448000624857089	0.5273307849246022
0.6813764163550133	-0.1015566313744712
0.5080023786908042	0.3206028504292889
0.2907619172028355	0.5913613801006746
0.8040841862072651	0.3816723237431792
0.3805105300093324	0.1404192161141319
0.2722059472825946	0.0120129812882712
