2.4266652107616635	0.6825777540048492
4.3388266398862232	0.6853634929624801
5.7722879618205880	-1.3567565308657679
4.4490033625354677	-5.1498696644323907
2.6465172129504264	-6.4292778321324038
1.0448266916904070	-6.0471686124561277
0.2465687910925814	-7.8403521201287205
-2.8034081034373486	-7.6449990258620391
0.1886410408352349	-7.3196033722694374
3.9945132094644191	-6.9853181784459908
2.2022667691138693	-12.3941009349039090
10.5583764631569550	-0.2214557688105120
3.6517510848279606	-12.1955178428262570
10.2994232441379680	-11.4069415319553100
3.0143317691129883	-7.2063242791194151
3.5062725478194254	-3.6428075240871700
1.9389143825340678	-1.5033614947954250
0.0401975168890274	-0.1607602348589466
0.0432750332890710	-0.1597005927315733
0.0420847674683207	-0.1353672945889365
0.0442142457430457	-0.1311607904415128
0.0466783722804183	-0.1274909838041159
0.0454221485986864	-0.1230015944474236
0.0432185858734608	-0.1142709211062362
0.0422016117698136	-0.1050620023587647
0.0396236092448419	-0.0953008176339089
0.0387533945070137	-0.0870489740110152
0.0367894298537884	-0.0791852545329930
0.0356010184458693	-0.0725297864661298
0.0458937468474273	-0.0752518462918688
0.0457152463335949	-0.0708564878296741
0.0435745607454918	-0.0664732747482244
0.0395215912251563	-0.0628118211676522
0.2089681641192878	-0.1831958033811290
0.1321005360401460	-0.1550294547331131
0.0773079415700225	-0.1204354786401032
0.0441163235855951	-0.0953665808029477
0.0232323264462288	-0.0744452931089782
0.0193632797246296	-0.0597112440041973
0.0037462264462335	-0.0455914404596036
-0.0009096486988028	-0.0351426681298688
-0.0031932152418996	-0.0261863976187311
-0.0040081742222376	-0.0192934107139464
-0.0038902013126897	-0.0139110959868539
-0.0034371395982942	-0.0106050735596787
-0.0026990041177870	-0.0087981514705431
0.0325349893075172	-0.0066534319289453
0.0289018933510957	-0.0063413258554071
0.0359806444177349	-0.0065639238303029
0.0437574989455944	-0.0075126471515450
0.0502581829838562	-0.0079341644774855
0.0550426943521424	-0.0087495834537300
0.0595468711177026	-0.0093076670226780
0.0625777789332504	-0.0099731985441456
0.0656430533472290	-0.0103681523811131
0.0682220640794558	-0.0107235320924427
0.0706563255786128	-0.0105191972194758
0.0723707351713700	-0.0105771044303928
0.0745534803746841	-0.0100932697644916
0.0760996924236090	-0.0089900065201377
0.0806655217295511	-0.0068285708114964
0.0861364188247686	-0.0046983366196573
0.0956434945413750	-0.0022957909111506
0.1076621416338846	0.0003686309073995
0.1155954962063387	0.0020626529092413
0.1219602928824048	0.0031402675117409
0.1301287560779361	0.0028465363576706
0.1369129848665994	0.0026033649689562
0.1478236753763245	0.0012427437419756
0.1579550746783922	-0.0001207591896046
0.1620801390229046	-0.0037088105498170
0.1716639036220488	-0.0072990076338885
0.1756125228255550	-0.0109292653187109
0.1780129310157737	-0.0137281955337212
0.1929091118655946	-0.0173560103997431
0.2040560229856701	-0.0212470403123039
0.2095534471586851	-0.0256765498924294
0.2241582633803350	-0.0292606637881766
0.2366568969702559	-0.0332344156770236
0.2484907724555939	-0.0378750267387303
0.2424268463092276	-0.0391426380926610
0.2314422475968521	-0.0372978073573386
0.2209097819215010	-0.0365828050547184
0.2415294089762494	-0.0419725641593672
0.2590338119701177	-0.0480332816064244
0.2661625893100296	-0.0510862305653752
0.2779475403332192	-0.0546662535136660
0.2830113348609105	-0.0566587043584013
0.2891213404207917	-0.0596675717648177
0.2980803542451265	-0.0604416922785180
0.3099847970751964	-0.0643303530815900
0.3049615704286443	-0.0646909713785495
0.3058340374081814	-0.0639885374526527
0.3023551023964965	-0.0637063357734658
0.2869943413132323	-0.0593502234533674
0.2823426455293719	-0.0576885628326855
0.2994763564918210	-0.0632539952930398
0.2394721584183971	-0.1412122309661517
0.3237271918092048	-0.2080454774696132
0.3241488703211120	-0.2056642623394281
