2.7438308140552166	1.2706866190405419
4.1354455452383556	1.4297343589507707
6.3049423101155808	-0.7825730287232361
3.3499265270631717	-5.1056452621753152
1.9369087784184646	-5.9234376506446988
2.5216816879398434	-8.9108795922385422
0.4413941246027229	-6.7511848015823732
-0.6620747453073356	-7.2462705667197858
-0.0692555410821780	-10.2059848772808120
-2.6346869156388353	-8.1660606476628406
-0.9917896344007192	-6.4160899884549858
12.1535344558894940	-0.0013459480402337
-1.9530589005332992	-8.6012169850519502
0.9796165292661693	-9.9651580057973508
0.0267529633425204	-10.8516685081404650
8.6182116488945173	7.2023935642442405
9.5456819335350662	3.0915640843587795
0.0876622544300540	-0.1042692850257512
0.0486026858072346	-0.1447272114059508
0.0387434410438519	-0.1120508933686993
0.0420654575101609	-0.1117973972915625
0.0425265911152913	-0.1076790486854846
0.0433009473072608	-0.1027400878999085
0.0420404604080705	-0.0965599418814818
0.0401329410655761	-0.0878090840772780
0.0397508362206438	-0.0812905935716749
0.0381428995039211	-0.0746592092347690
0.0370464114255727	-0.0690381294828336
0.0374348973324806	-0.0653401335713529
0.0464459775789057	-0.0676462714761563
0.0449270738713529	-0.0635971109363127
0.0424477463564904	-0.0601265125372522
0.0384092789731974	-0.0568725752332638
0.0324225802565269	-0.0529554728734630
0.1055269388581963	-0.1215776118719877
0.0701822490927087	-0.1089467649445054
0.0405826205750133	-0.0875744104789444
0.0214374410448512	-0.0698905858160364
0.0201859764641796	-0.0574174841678842
0.0029195764622816	-0.0427795646907835
-0.0013325573377511	-0.0328995625989128
-0.0035139681722933	-0.0246904266242754
-0.0041301674412680	-0.0181476207589427
-0.0040389813062151	-0.0134379818328638
-0.0035456610094400	-0.0101568752552411
-0.0027808805951752	-0.0082846879388704
0.0324002570662173	-0.0061019356955992
0.0288484643559520	-0.0059391756957357
0.0358914909206155	-0.0060031436543510
0.0433831868037652	-0.0068471277248132
0.0501191939354057	-0.0075040764241437
0.0555147341839742	-0.0080298088914736
0.0594089901607834	-0.0084335884617509
0.0616206896616912	-0.0088446130246578
0.0650098573127677	-0.0094806507830830
0.0685288391626610	-0.0095681273891093
0.0706568503528630	-0.0099173736375906
0.0740198859384573	-0.0087856887766896
0.0751143407932347	-0.0093427379930486
0.0774608209694367	-0.0084091137514392
0.0811643728019842	-0.0070650761322121
0.0870196943148529	-0.0043166823326835
0.0923027908775410	-0.0028383483779596
0.1009694108130504	-0.0007977482481576
0.1113552328003448	0.0018371026071151
0.1224994817732691	0.0029451044266640
0.1328223258470202	0.0040357034434488
0.1409631984572163	0.0035941743608070
0.1467327113719546	0.0016004448640674
0.1572791899694388	0.0005110846159848
0.1655998557076718	-0.0030072347226051
0.1787792233512346	-0.0072310268268662
0.1810232456278269	-0.0105212798310796
0.1986779298980721	-0.0142663258699329
0.2070301428129624	-0.0179260504766618
0.2168533635883951	-0.0218588258843906
0.2260150606963409	-0.0257562686863611
0.2304781401036921	-0.0287686185415775
0.2034225714661496	-0.0271873118118441
0.2063943740450507	-0.0285808511994956
0.2102029462341689	-0.0308879193648184
0.2382739189505721	-0.0383252512705017
0.2647588540018832	-0.0456295093163633
0.2792383786140517	-0.0505466494394411
0.2828915641123081	-0.0518722621901479
0.2700856734366752	-0.0499847698518701
0.2729174829960810	-0.0521193960355847
0.2618137677499181	-0.0473086968910723
0.2412516454923619	-0.0438950148958423
0.2643068216519213	-0.0494055743850194
0.2637328243696719	-0.0510450464747381
0.2751278679905131	-0.0532485685890276
0.2854082584735975	-0.0561674998041656
0.2738748027869372	-0.0544437064104474
0.2972805377216162	-0.0615168027513206
0.3073327951031831	-0.0634601923595843
0.2888307700175541	-0.0574747899489003
0.2421085253701036	-0.1292273962580879
0.3216271451265055	-0.2075859151528475
0.3156815395571275	-0.1925326423281780
