4.8536678210359359	2.2238332192697343
6.9547091842002438	2.3154729659362969
10.0770591264847230	3.7831854305091261
0.4608778232123802	0.5986169147905103
6.9185931750197618	-0.4994728040305404
-0.2410424140745783	-10.1838472213596190
0.4916612963378982	-9.1057312220289965
9.2649495526099983	-12.9380333376975170
3.0005996788266205	-10.9922698187702960
9.0436346828736909	-12.0404752741811460
7.0567458749048573	-13.0921167206002270
17.6829296182532370	-17.5569056719182020
10.6458907624396520	7.3421643376441788
5.3744016773537613	11.2220207422607620
12.1364314761431820	5.0521080284368951
18.7446848704797480	14.6106034454684470
7.3567832360361569	0.5166765977658827
4.7556522878948559	4.4405021924635264
4.4710571915390931	3.9952577678378067
5.4554440224222889	-8.2192910822850216
4.9074776929733002	0.1791776096322536
4.9680193073767267	-3.9984188947918544
2.1406131304892835	1.1394849537779144
1.7812105904108362	2.2261837919365886
1.8582127501265331	1.5412939645820052
-1.4026895632600611	1.8867705426135735
0.3753813856202835	1.1382201334766517
1.7576378396682877	0.4531963384543190
-1.6434459774788917	0.8238092619695449
0.1030297030855439	-3.0756192101336306
-0.5111582405523968	0.2001192003925413
-0.5454520105633051	0.1804444989732217
-0.5764228575493438	0.1691480403779757
-0.5472890153435845	0.1567495829937577
-0.5357988600489795	0.1342002231214543
-0.5325160617848842	0.1205230499195174
-0.5291482197382946	0.1092481300934026
-0.5231496258771535	0.0963709353218168
-0.5196251944202815	0.0870176015981687
-0.5165491525262790	0.0775751782185229
-0.5126275231279619	0.0698593385451499
-0.5104082266529421	0.0650463846639318
-0.5068519599232235	0.0582497809947885
-0.5023834304197085	0.0527517819077807
-0.5000829608030115	0.0476778890226089
-0.4242668191742531	0.0782225593931426
-0.4718956809866149	-0.0402221088857408
-0.1586679330963164	-0.5051159976481884
0.3808610628917161	0.2675942910630076
0.3908677289224276	-0.2823600122962606
0.3977393986346356	0.2740179279974763
0.4006553700158096	0.2771492854465587
-0.4755087559892411	0.0375084388485181
-0.1259572725309001	0.4662178432043190
-0.4818867273579136	0.0271292681197748
-0.4768418354072749	0.0302037153082150
-0.4746528498792149	0.0286451857589685
-0.4816672567288489	0.0266603182922760
-0.4955202679783249	0.0254512833805765
-0.4545645876962826	0.0274168962778780
0.4030223327919654	0.2691750238201396
-0.4587980065787414	0.0524278512995803
-0.1094702544852381	0.4816600440218050
-0.1291322159205023	0.4494299497663843
-0.5114663596651262	0.0319485959601197
-0.1129175387816049	0.4396638316365710
0.3889089935889762	0.2509628747455238
-0.4512509456314244	0.0248672374023127
0.3188216276109933	-0.2497286384872914
-0.1094696553028245	0.4482587708910258
0.3870537778901535	0.2388316273829926
0.3922423566311991	0.2629960799380495
0.3589529498999506	0.2376078692965631
0.4191954929711961	-0.2053718711284885
0.3672593756459766	0.2392447500413122
0.3102653567916731	0.3763681930153268
0.2836019043551858	0.2882328588001051
0.3109578832462785	-0.1901055899802106
0.4384499374624887	-0.2999237614229948
0.4704206291046426	-0.3241892610810773
-0.0336514810517990	0.4481106503579095
0.1778121337454220	0.5472717080310532
0.5695795236502123	0.2330039419327728
0.4778910127231421	0.2018031247768642
0.0140183943717022	-0.4476924539880818
0.0132640433780468	0.5113524318602940
0.4743109594956451	-0.3746202607640835
2.3802101583334752	0.3065227556404415
0.8839728944627777	1.1766578993245949
0.4165981290424723	-2.3836818609135504
1.5662552039873077	0.6338958844340351
1.9127614751735948	-1.2604765787964458
1.0793895083814287	-2.7499064584474491
1.6529438836778856	1.3754686927290030
2.4624487761272831	-0.8321615612558224
2.7739113740941277	0.4082496328073820
0.7755662916229551	-1.6113852094043981
0.4826186345791599	1.5150312837502817
0.2214614027014184	-1.6238245222584462
0.4477348888856437	-0.6631525392966573
