-0.4626581012547807	0.3505696848709949
-0.9000127364339955	0.4533696206217499
-0.7954999787721546	0.4343095787458594
0.2625429479029683	0.7928694961671718
101.5366559642952800	-678.7692047024780800
659.7286414691349100	-611.1991468179036200
-20.1102738935505490	1.2000067076373446
-17.8429694341451710	0.1286081697786941
-15.2052844935293900	-0.1760341753554452
-3.8670044626616837	11.9823596085772090
-9.5530926057825791	0.7300367591492396
5.4942498770466326	2.1053337963052998
4.2204433410969573	2.6136970026300910
3.1023111994979820	3.4737857502384406
2.1708936129829017	4.7118410069721728
1.4590835380603744	6.1254554790426843
0.9694799670203694	7.3710151356609659
0.8216986894676044	8.3079633002359277
0.8434614399371114	9.0029723028541202
8.8516934149475368	4.3608226299315209
3.2977442409471385	0.9365374951022238
3.1146138742727083	1.2923933033696577
1.9786918174045280	-3.1854704809624508
1.8370678149951951	0.8898035131391039
0.5630485730322115	2.1917745549706806
1.7181944105726215	-0.9937671522183502
1.3977295029191961	3.1037147893448656
0.7493807315511750	-1.1436468047708042
1.1239593089712880	0.7455244572620771
2.0506079757153648	-0.9742018135933707
1.4462850931758133	-0.7610648523142809
2.4306810997594361	-1.0525722059896909
2.3502557925680625	-0.1887796116219560
1.4897809962991777	1.6302187336741971
2.0025845280946175	0.0423781691639301
0.0789147206411933	-0.1066452395327646
0.0626131552293093	0.0163408825006123
-0.0001877570546331	-0.0194688507281519
0.0000478916896374	-0.0024997397370480
-0.0001057762158398	-0.0020579083641781
-0.0001254709685041	-0.0017372025388323
-0.0001161643820312	-0.0014600316023570
-0.0001063097210444	-0.0012224012506000
-0.0000969295021213	-0.0010270085766799
-0.0000846539938649	-0.0008642293037384
-0.0000678534117759	-0.0007294213845331
-0.0000541462554462	-0.0006265049781502
-0.0000480737383574	-0.0005547419848793
0.0104517828282305	-0.0057408850726440
0.0270954783407915	-0.0014191156794759
0.0295267232843269	-0.0027157695843154
0.0405098184687602	-0.0046388574723684
0.0493778902956363	-0.0061119860381110
0.0550529847055942	-0.0075589616788539
0.0597072621655232	-0.0083087108006281
0.0628366497156919	-0.0091714240163811
0.0659357001453878	-0.0093618702657541
0.0676905637056076	-0.0082069657942418
0.0703269830388232	-0.0088387611741777
0.0737233228293677	-0.0084884438363847
0.0781729214165906	-0.0067799317626476
0.0829294201004493	-0.0048423697236487
0.0854277905582224	-0.0036038387041007
0.0870362105306709	-0.0031088585210052
0.1003793840332014	-0.0004796071115680
0.1146383915178087	0.0019932179148384
0.1267391426049274	0.0031423308322430
0.1408995640720816	0.0031060886160459
0.1500985283585100	0.0017302908938951
0.1586095945473866	-0.0007221500328619
0.1762270702356956	-0.0041400250952488
0.1870896319509193	-0.0075286139476597
0.1957473631246601	-0.0112672717010333
0.1921269323574484	-0.0147835865070853
0.2075858067869311	-0.0185208501035588
0.2144334661275010	-0.0218924814213147
0.2171613632087885	-0.0241593963985092
0.2166125617190607	-0.0271862688312229
0.2183191617918532	-0.0302988241809864
0.2155180333804527	-0.0311757150396102
0.2315685174803580	-0.0357507593889474
0.2494515651672027	-0.0408469242612115
0.2621834030188854	-0.0460428439009444
0.2585741239825865	-0.0464621297801332
0.2424087107852691	-0.0448834524242515
0.2543591989337179	-0.0467006493635481
0.2505233794307707	-0.0466483071338394
0.2714224066636493	-0.0522308182823027
0.2672321207812854	-0.0510089769135901
0.2630033870348005	-0.0502405363103648
0.2561303057331186	-0.0484444117255816
0.2765806612010807	-0.0539611418253765
0.2872881769197422	-0.0576071119552331
0.3028809040353406	-0.0618825330741535
0.2909608730255637	-0.0592398186754985
0.2797638952465217	-0.0566521753205782
0.2527670099535496	-0.0485815220331160
0.3020470212252692	-0.0622540621694285
0.2282206670995801	-0.1384643161840445
0.3207506213026120	-0.2005246236367630
