2.6230445650956455	0.9856417960161901
4.1863147576047854	1.3565271102822318
6.1777753638610218	-1.6234145505364395
3.4680945142871327	-5.7868473475989877
1.6721331515499096	-6.7160512423612913
0.6306391911431669	-5.9891515813246956
-0.9415831695326625	-9.2143013015580912
1.1332541611312827	-7.1833636336967981
-1.1495065847798047	-7.0041995251432585
-4.0880553500532173	-8.4114726070079620
-5.8075460256814795	-9.9916831285978738
1.3065182994399509	-5.1877446482248715
3.3314309624306784	-4.6766675285416133
0.1852206690042794	0.3309087450825116
3.6372119255238324	-2.8709002915357558
0.1609084724434745	-1.7578572798165806
-1.0308818860330966	-4.2004763185800922
0.7536759436172694	-3.2711021151193322
1.4397953764957820	3.0999848418359690
0.9294984215551974	-2.1742589133638157
0.0582834140180951	-0.0007549563908310
0.0088162348095380	-0.0049911479324981
0.0039193876289993	0.0148039162718122
-0.0125216931467858	0.0118611109203426
-0.0100152635514684	0.0099986218056693
-0.0090157190991148	0.0128054891108547
-0.0073478958285904	0.0116725144139673
-0.0062384970032908	0.0104115039835962
-0.0040327661880041	0.0093311611627267
-0.0038205280842247	0.0082110989440166
-0.0030764316691617	0.0071788583080531
-0.0005251270400584	0.0078673623703615
0.0113933091509789	0.0079874762465884
-0.0158061755795051	0.0092687663419534
0.0162812217604131	0.0014801360670654
-0.0034552214084446	0.0165294000949843
-0.0055012718542104	0.0053667674604174
0.0005483558735528	0.0032483222959525
-0.0005722458270200	0.0024788966496305
-0.0004017952381079	0.0020334957521214
-0.0003581167741237	0.0018070683423858
-0.0002833250557320	0.0015349024639872
-0.0002073558774991	0.0013062846529526
-0.0001398744789008	0.0011406796779778
-0.0000991361909149	0.0009902715001869
-0.0000395376307548	0.0008635947498515
0.0000016041059866	0.0008039303946759
0.0000347258656189	0.0007634296805919
0.0000581144897606	0.0006094942350941
0.0000730881491831	0.0005580068297021
0.0000710985184651	0.0004735853571821
0.0000892245165929	0.0004205213409576
0.0000834525818296	0.0003617442859805
0.0001054818555070	0.0003137816250010
0.0001163584132976	0.0002387150560744
0.0001506042962353	0.0002095780679503
0.0001441166593944	0.0001490323604041
0.0001372731646901	0.0001221570807855
0.0001160294102965	0.0000580758207083
0.0001756028368295	-0.0000126384637366
0.0001248476202171	0.0000133926099593
0.0000865035967504	-0.0000496398826112
0.0000806563856806	-0.0000488098109449
0.0000750823501343	-0.0000210634668713
0.0000278816660803	-0.0000585633994531
0.0000262260972315	-0.0000636279133820
-0.0000071713229849	-0.0000744812803439
-0.0000122964369399	-0.0000738756557876
-0.0000464237005559	-0.0000733028048037
-0.0000407940946247	-0.0000519532819656
-0.0000603161646734	-0.0000389388170287
0.0000323552419205	-0.0000606333649339
0.0000536895805947	-0.0000157830242480
-0.0000628233049703	-0.0000389936813646
0.0000006178550102	-0.0000777225558351
0.0000327261843335	-0.0000523731963592
0.0000564564245991	-0.0000440342410862
0.0000992468827819	-0.0000464601373450
-0.0000162844225547	-0.0000814457815126
-0.0000094422878901	-0.0000802214735352
0.0000636931887764	-0.0000403216202313
0.0000194628789427	-0.0000732467156700
0.0000869620694521	-0.0000436821130328
0.0000261651294286	-0.0000600110120934
0.0000575556698395	-0.0000319336273775
-0.0000410671430035	-0.0000377229017925
0.0000195842541624	0.0000784551541136
-0.0000123550419672	-0.0000716783097641
0.0000642166442550	-0.0000460118119016
-0.0000072820569779	0.0001261077382569
-0.0000181046487983	0.0000815426432403
0.0000616723837815	-0.0000446471012843
-0.0000071460723068	-0.0000664801430503
0.0000561609962282	0.0000381646088690
0.0000464582880497	0.0000325800043054
0.0000689812054549	-0.0000407285808035
0.0000575736408103	-0.0000423989925970
0.0000564979993816	0.0000347754091041
0.0000442805266208	0.0000306668295626
-0.0000668261304508	-0.0000137265203190
