26.2982425768974790	9.4147971010877836
17.8328117765225330	-4.2099458736069817
12.4676399993828630	-5.6964431468118466
8.7105138013584185	-5.1996179273386511
6.2311086041091075	-5.1929719196794180
4.3901115656745020	-4.9771392088608648
3.4595574977298074	-3.6459392979177361
2.4448713968812328	-3.8929723352623045
1.8630338105140880	-3.2706025625151258
1.4165223092185626	-2.6817652372390826
1.2528018599655641	-2.4657837604782640
1.2255638679907404	-1.8798992212686312
0.8357126391359209	-1.8718184526435364
0.7362827325729092	-1.5884460524374675
0.6772181555664837	-1.3718084260178849
0.6354926517980832	-1.1785288378998782
0.5545640177670473	-1.0065999984881751
0.5217648064336812	-0.8685291684883982
0.4920448815797384	-0.7513920786326681
0.4696666547159566	-0.6518304263849126
0.4490922293913309	-0.5630148188171822
0.4330479027440874	-0.4869940995824452
0.4221026124363286	-0.4197791279368817
0.4127786795964369	-0.3594055215606102
0.4064730455087540	-0.3113088120035912
0.4025726609772947	-0.2694051803655061
0.3971649842549591	-0.2341090442655750
0.3926629125406111	-0.2032021638461735
0.3879777244938818	-0.1756340198947007
0.3837907264294142	-0.1512098724705347
0.3766936740890436	-0.1252384450483073
0.3686180847866840	-0.0941994747681220
0.4163409954096590	-0.0924837206001282
0.3972593142615224	-0.0924303004612451
0.3872049267237417	-0.0801005107765030
0.3813150478176430	-0.0682227493953411
0.3810783978539895	-0.0602674231421578
0.3773266889807547	-0.0541850449712942
0.3737322459003534	-0.0483354819720894
0.3698367328893037	-0.0432652849613598
0.3668785943216086	-0.0386393725327408
0.3634628946383445	-0.0348670626620434
0.3601123388191768	-0.0312223070719184
0.3578024217440815	-0.0288671735523382
0.3559763137948355	-0.0255529885761114
0.3544004043063395	-0.0234219038334781
0.3526705697025781	-0.0219319666135358
0.3517536198627354	-0.0202557762781034
0.3506520685051454	-0.0192248484734599
0.3488059053820581	-0.0175171533209995
0.3481687986828677	-0.0171362258281132
0.3465714098295819	-0.0162608963898257
0.3447219222671232	-0.0159035870071372
0.3431975632932146	-0.0144471378130437
0.3419143814444289	-0.0135049482670051
0.3411203048570399	-0.0116085551542996
0.3415841948866191	-0.0122895337643845
0.3388158149406667	-0.0095158526257613
0.3417281676125698	-0.0114170603325732
0.3376997465542705	-0.0109610148332829
0.3381401035293349	-0.0101233330171483
0.3371590387609642	-0.0119885980738534
0.3356229382236448	-0.0111589335712961
0.3328322487484198	-0.0074872356591204
0.3302056944421666	-0.0148466096406792
0.3279293196159846	-0.0106877649754984
0.3393576262512090	-0.0117473281059708
0.3300026510363873	-0.0109150930377967
0.3203105582195013	-0.0221622308872943
0.3261887688006114	-0.0192627203026483
0.3233299247025777	-0.0156964596028105
0.3276458608848514	-0.0135208211111552
0.3475339564987719	-0.0307371309756027
0.2406544335202467	0.0607395898726388
0.2854641662605695	-0.0206148155857279
0.3579811336661776	-0.0441416542122283
0.3084305510990820	-0.0042006242355908
0.3101804545453256	0.0266366704061183
0.3054561293334852	-0.0090031210825903
0.2908691838206053	-0.0052242202370434
0.3172489120399114	0.0147283760904029
0.3281253126801491	0.0591883320578535
0.2994366544528800	-0.0658086021803924
0.2898141895718963	-0.0070138723931608
0.2858627826968576	-0.0139591278776279
0.2889160022349034	0.0028253034314312
0.2542517736103338	-0.0198159167926884
0.3400618085512525	0.0239397395672208
0.1763627133246912	0.0072801633480529
0.1087776920610477	-0.0506922614516914
0.1534145293896068	0.0203600111075891
0.1327183540382562	0.0240246282838506
0.1088125673509389	0.0814081465296301
0.1411218318656831	-0.0287719881418280
0.1090424892814421	-0.0025740660898240
0.1383634367102795	-0.0097257729064960
0.0848626754228359	-0.0932977456396387
0.1105642285209103	0.0091964570893555
0.1258844263971315	0.0615409745446842
0.2144381762884365	-0.0086553698318339
