-11.3376374593969800	23.0718411447790570
3.3992777118598361	-62.8716753275864160
-45.4204202027788210	13.4380528543699890
3.1266376423392415	0.8843314788913612
-10.2732417473501310	23.5463509135618520
-7.4257569606272682	-39.4602961677068580
38.1335120814853350	49.2982423304951000
39.2485540975714710	82.1622849716962090
23.8786495681911650	62.6989124177768960
0.1599247672247134	60.9856868168912670
-6.2676445368516474	70.5423628420107180
1.9562263424543671	95.6581623691951390
63.8169821950639430	40.8319855214740240
-9.8116699208306297	67.3856419122244150
134.4417683333638800	158.8981980533957900
49.2910998281076400	178.9469787761191200
40.9220319343407940	200.0765330558520200
-23.8998562397047460	252.4436573677969000
-91.6031713448126080	104.6554029169905500
310.3940115956552900	-185.7479548647652300
121.0663245736208300	-3.1101308045373637
-91.6027713787712660	78.1506974233176380
157.8580633669705000	26.9071855106645540
-175.5420774814657800	-37.2515544881555340
78.5331034934853420	96.4912760196506410
-112.7286924119585100	-146.9662053173563500
31.6813165718967760	-46.6244288494607490
-4.8070545578715240	1.7105729729505221
-2.1689223197166410	-1.1467412322701580
0.0492050907971807	1.2727461039632417
-0.8637035836432694	0.9905291193390114
-0.1456138606916961	0.7012068803738389
-0.2576251841470296	-0.6268847220742870
-0.0463177105274256	0.5964147496434546
-1.1207583188399777	-0.2271547170746407
-0.4887094527007322	0.7025278151322508
-0.9996179638220246	-0.2965324059038101
-0.1960664439985290	-1.3962469163032480
-1.1721082483808665	0.2915741324829467
0.5563805988456413	0.6321445264585814
0.2358689505832658	0.9399489732301558
-0.8254357302853081	0.7871876014594023
-1.4388991659234174	0.2216023141696714
-0.5429715919940041	0.0587077520069728
-0.5376145466910540	0.0466149279239745
-0.5344765930681694	0.0462023014999041
-0.5333383035691980	0.0459819330969191
1.8910697464337449	-1.1622322267438725
0.7464702581435259	1.5099468278217192
-0.5260824163604524	0.0366812636690714
-0.5258333594332110	0.0356463548039354
-0.5243504283263273	0.0365578657557826
-0.5159905299355041	0.0245774681468636
-2.0597643196343669	0.5503147446293807
-1.4402332487937652	1.0934035120139896
-1.5372472923018849	0.4873943636792036
-1.1457779407204360	0.8408254728500264
1.6231035271463952	-4.1856345793092755
3.8732675675571211	2.4542407742466721
1.8860268329887240	3.6862095089645819
1.0937778377829064	-0.8795700712774701
-0.0969806731630616	0.7534853768203704
-0.4683755937547767	0.4202516653664311
-0.4792288487898386	0.4646480848282101
-0.2560975249025522	0.7148115871198419
0.5669221312066999	0.1908651422069172
-0.9534911396408283	0.3647004236848966
-1.0008941777290448	0.1743870344093038
0.3348406967039445	-0.7927432401664517
-0.4886573953639765	0.6313837883192731
0.7643563541695815	-0.6204785395547631
-0.3790094454330211	0.9629483475342956
1.0156202867507300	0.3899366117250225
0.4346538372315418	0.1893297943927084
0.4004038426197396	0.6628755730122959
0.6884715585435340	-0.1248268239104205
-0.0098660689842365	-0.5080596963852997
0.3863333123831257	-0.3256972628561043
0.3730557339225906	0.3086265963298198
0.4600906013230337	-0.2749668614918775
0.5580592646176601	0.2981001786159994
0.6164981844997430	0.1546390659273471
0.6353432359346493	-0.2056262510416739
0.4956637146809220	0.2598852106283345
6869.7337653666063000	11757.2587388848330000
8336.1375048793034000	-95.7274909442235330
6693.0106393080841000	6679.3632792117151000
11834.4758707905150000	5684.6570335601036000
15732.1495283599630000	5506.7658845276910000
6277.0495997926537000	71.7008969338388200
4867.3807926258860000	-425.2233368466560300
4437.7145258707906000	-3772.1684591616158000
1874.2857068160081000	5936.0348553318408000
6641.8850245541853000	331.8632971045768700
2518.2798322583485000	-5421.2035814139172000
9046.8640739785114000	-6421.0640196405984000
1431.5877670393672000	5912.9326681613375000
1997.9202144133255000	-2578.2525166542878000
3672.4172464579165000	-3036.4013906992868000
394.2214730674820700	-674.2738093487427000
