2.6928379797754487	1.0398075088236085
4.6124592711259780	0.2132707500883911
6.0718560863524891	-2.5655200533058120
3.4781124317510517	-4.4515174562576094
2.0251317509422786	-4.8974894681270706
3.0541030203692157	-6.4372964177135508
2.9072899825645586	-6.1426905990088088
-0.5043105361258731	-12.7550017409812920
-2.0599768833803580	-8.9594445766137767
-1.9970237549803693	-8.8156965660522406
-2.6248501303334368	-10.4858513220994980
5.2651475743934784	-11.8828719722307830
11.3962861561633880	-6.2207109002552388
8.7773359455422941	-0.1945047658123557
8.7184326993402284	6.0077342996223608
3.8357196782092817	-7.9025494357023813
5.8296318965807448	-3.7242699349106334
0.1263361431385111	0.0214113040232717
0.0596568942125209	-0.1578696684028557
0.0379461060513829	-0.1073573721502976
0.0417415873618423	-0.1054243788384364
0.0437558189827218	-0.1014343682890511
0.0422768464863911	-0.0966860034260641
0.0408832771133741	-0.0890561664541409
0.0386367970674408	-0.0814036312872500
0.0385131833639931	-0.0755075086993905
0.0365926808337111	-0.0697579073937370
0.0351381581117404	-0.0636225595536578
0.0345302358404428	-0.0599428036628322
0.0406000167207891	-0.0612138599019149
0.0423293048834877	-0.0596021800587929
0.0415580083292088	-0.0574199009240140
0.0365322920703995	-0.0543343593565567
0.2079485593573606	-0.1758826101923519
0.1325445205680221	-0.1518396949087538
0.0772162032558772	-0.1158168711813970
0.0439687298049573	-0.0905384922476570
0.0229237304762634	-0.0709898879122074
0.0165667407062540	-0.0552629189917365
0.0033755504414129	-0.0434731376221773
-0.0009953021042700	-0.0329681144355555
-0.0032976493821693	-0.0245958376882373
-0.0040486731774639	-0.0180438715703152
-0.0039785749070559	-0.0130466090915048
-0.0034842052674011	-0.0098017126130818
-0.0027536615117105	-0.0079958859746746
0.0318589495435140	-0.0059811137983046
0.0286308497047422	-0.0056658631913798
0.0355610548172009	-0.0057965066030958
0.0428729841389734	-0.0065011728064510
0.0499890540545793	-0.0070615248598832
0.0548252189868927	-0.0078103708829259
0.0589951050589259	-0.0084851801848084
0.0629443117659079	-0.0093083041396321
0.0655940189721283	-0.0099046700988673
0.0676749362964549	-0.0102863921828115
0.0696579369494855	-0.0097864573898346
0.0707101590693512	-0.0096682453010983
0.0736279760905197	-0.0095535929320296
0.0767166640570355	-0.0085556361281087
0.0817354500917817	-0.0064107616540096
0.0881430358709595	-0.0040009663602238
0.0927877430702778	-0.0020776234294380
0.1002733977685893	-0.0005349035870490
0.1081911519882281	0.0012553885364367
0.1128569800267898	0.0011761014612770
0.1218459789831315	0.0024251050822138
0.1338140323329516	0.0019952173765489
0.1446141684852335	0.0009090345097138
0.1592359445811975	0.0000532845528746
0.1750220120659574	-0.0036463321842340
0.1863656917621773	-0.0074289396659724
0.1962802123539128	-0.0117016629767229
0.1989888119087487	-0.0152651314617346
0.2037207582900227	-0.0189645377176236
0.2209204833419809	-0.0237430860623406
0.2215391657289572	-0.0247350482184214
0.2326533670851964	-0.0303612968177478
0.2408345443474072	-0.0340032390371257
0.2446468013866024	-0.0374405164672542
0.2441667515210047	-0.0392121206389358
0.2449572942601794	-0.0413956196888019
0.2496997643051785	-0.0431297213052576
0.2434835261209296	-0.0431473920351360
0.2388982454755268	-0.0434291097591596
0.2363550862163280	-0.0424000757789905
0.2601653573919354	-0.0498835705282853
0.2659520975815121	-0.0511079035138534
0.2707208594205592	-0.0525599817434848
0.2847229838694690	-0.0578348441408579
0.2996265668906398	-0.0612593628732062
0.3037321195767167	-0.0638404196140270
0.2862505274222932	-0.0581794367077661
0.2826001515091225	-0.0580455307862304
0.2901744459974765	-0.0598621568477225
0.2827301024487941	-0.0585739062877110
0.2732208672543494	-0.0543279112820814
0.2949616120549434	-0.0604534234157731
0.2363224130136253	-0.1462007019909770
0.3240513055202061	-0.2071836030967318
