2.3398158375837848	2.6853779218633878
9.4212693774934717	1.4313720910251504
10.0885664936622920	3.2999343265358467
2.9759427772443643	-7.9058790285019054
6.5843403649976899	-8.7249644614478825
3.4089455728860183	-6.7732689949556075
0.3474368599081409	-0.4760969757777698
6.1030841086711414	-3.1829563390664717
6.1981250688186416	-8.6614945776549508
9.3813218321844420	-7.1386241989027805
-1.9751530671821980	-10.6069969134310840
10.7640127410307040	4.4025284593638743
6.9836575475101741	-12.8007044531392500
5.3689968461176276	-9.8070032447944957
7.9975932506014420	-2.7682830188969256
-2.7418868227338691	14.5701611364552580
7.9723711982395944	6.5796968145751764
3.1613842498850837	-2.7129519315226864
5.0762013732441034	-2.4966150510392540
1.4818698493099967	3.3143265842867558
-3.0951361024488611	10.6627478361384310
-1.0175737186213898	-19.1544856113861570
2.4602227865676265	-2.4772132454840565
4.0164464279510650	-1.6182702686603712
4.6363443759133212	-0.3703332823613238
11.9625056284936060	3.5312623719747722
87.3148967633051430	-132.9520723169242400
239.9452749778680500	338.4877228869937100
-122.2542803720722200	-637.5565845780034800
316.6998340065501300	-672.8216820286814900
-148.7951053971357900	-620.0542196309975200
128.2716043461834900	-44.9020997106156370
1.3751829574818133	-6.6620497877955138
4.2182939487180366	-0.8531403689549773
36.8469368125989690	16.4422010150580040
3.8207393720344793	1.3067531669574095
-1.1152581798735499	13.6094438978588140
18.8675135495236010	5.7733095247671011
2.2004709995307654	-4.6693848661079809
13.6572276461396240	2.6592471949067953
18.8784421997666140	7.4196055481856300
49.0200801572948630	18.7237164329469440
102.6339590417097300	-27.4734309120220810
397.8815157658426600	282.1837834644514400
558.6120089811877300	52.8293834565889070
125.8706761985772600	304.9855102243292900
96.6561508768648570	-488.7431544842287400
265.3620948750714200	149.6065857838987700
360.0302840602008700	173.1188872692361500
142.5712340628176700	307.4006943254895500
172.8223580589781800	307.3016894133109000
521.7408652783451500	-163.9483079603434400
-168.6135009223606900	340.3165198638286600
61.9486232232093170	-284.0704118456932900
87.1507845852257500	246.5150037116058900
449.8975759564380000	347.6799553313559300
553.2040309644535200	-163.4461321981722800
486.1694110308872600	-12.4980205743777810
-271.4794811371293100	405.9329259362447100
674.0101197174607300	61.0787505520273230
469.8393070866534900	1233.7421501282752000
199.5991733054107700	305.1375620288062600
786.9644559269107700	-990.1492773425108000
757.4651841554228900	-130.4001097553942300
895.2125371024955000	-2151.8173619824506000
-285.4427504647223400	1515.8351317047052000
293.9423677165682400	-1612.0129996252715000
2856.3488925037086000	-296.0963832595478500
2638.1170743409120000	-490.6027073292784200
2399.1091052391084000	1294.4842543490438000
3208.7778533558262000	1097.3164742005920000
5079.6746241891806000	-2917.8762558484618000
5219.5405161200506000	-3279.4793101030091000
5755.8260503124102000	1645.2908836763063000
8969.9980163539021000	-3654.2938902301703000
4346.8599470685440000	-7543.5645273665923000
6132.1233834908244000	1190.5919445755994000
2133.4044320467833000	93.2635372875839860
8597.8826567148899000	1829.6607601076500000
0.6803211380451458	0.3793955732469447
0.8715179488491295	0.1212000441988916
1.2493848268986512	0.1209044697066562
0.0957001230999428	0.6808430213582752
0.5833873005660379	0.6331868852897037
1179.1216201699797000	-1388.5442334180323000
1757.7946655258947000	-560.2001469810039700
2754.5854155389143000	575.7901746074888900
-2543.8493909651306000	-16820.1520443429730000
10573.1302691634650000	12382.2581666190760000
4000.1362678323430000	12190.3329077792970000
2547.7365490508842000	-14389.4012270892800000
9435.9108350006918000	-5023.6280515587951000
6784.1387922075801000	-2178.4389876458431000
6198.1979173342743000	-89.0444778486310180
2516.4055589541335000	-4585.1687319007806000
10010.9215064570580000	-2205.6155529267712000
6328.0820868669307000	1202.3097211057257000
4691.2544621886591000	-2517.1094632099062000
4165.6656641605332000	-1646.1852958373040000
2491.9633094867563000	1612.8307024096027000
