-26.8829968322611210	-19.9941269891922210
6.1771498499024489	27.6870172175456450
7.2529542417781858	29.1034957776300940
4.1479403694160055	1.5564449197270573
9.6381454089111251	25.3100696254691440
25.0477276969507590	12.1166187294076980
31.5475071910610150	-2.9817507720786476
12.9043894782487260	17.9540393810357950
31.3842313406883800	13.8772575365922680
9.4123081187146340	22.7051940173232260
13.1820582048119320	18.6378083998396600
-5.0730373500533119	-47.9310782115130820
34.1881712814953220	-57.6998729281098690
53.5211809248359600	70.0761149971369550
20.4515939806437710	55.0978617992260450
-4.8907765892953545	39.0036664659694950
16.3121353334244970	-11.8929634378150640
0.6511068935351786	4.3187665069052805
-1.3419563923483948	1.2988714001096782
0.3196496602599913	2.3411138627872905
2.2238802348479383	0.2931954711595093
-1.5171228475093856	0.8754984288354828
-0.8449934573672143	2.3056483733665978
-0.6389890685352715	0.5582942272088387
-0.6419459299430123	0.5072030600592383
-0.6514255997606485	0.4763449061530298
-0.5108374237596183	0.5334214656360581
-0.6573753281745722	0.4668371081297034
-0.6403856497928728	0.3936348142192981
-0.0286868371030944	0.5960432660518025
-0.0339730603575848	0.6228140507017073
-0.6076500534357175	0.2233034515943466
-0.5480120516950208	0.2423067611422828
-0.6288028256900248	0.1986307087705062
-0.0732626436080313	0.5107238652626703
-0.5756990050349040	0.1205334554259297
-0.5326234225304772	0.0852095825295414
-0.5410225198890487	0.0982504507323763
-0.5376472941294458	0.0873073968267602
-0.5338821281122332	0.0791374598055389
-0.2740498850281040	0.5215198445903304
-0.5277498508348520	0.0653216988347250
-0.5240828449756236	0.0596635214974580
-0.5222332448875295	0.0528563480277819
-0.3983058897552184	0.3349601663717568
-0.5113199013158601	0.0321170583144696
-0.5001176089650643	0.0807896108294312
-0.5116800401034017	0.0358909533598949
-0.5087071584771564	0.0357458160734610
-0.5070169672759830	0.0342648449169033
-0.5048161805803511	0.0329433215141742
-0.5020563785117340	0.0305887260581926
-0.5021438770001518	0.0306948598727517
-0.5015645599150420	0.0298751641634778
-0.4983576378593748	0.0279175673911490
-0.4929703653129558	0.0279673929235422
-0.4930273234151152	0.0268138731516318
-0.4910663832288067	0.0274854724684270
-0.4891666529620612	0.0217350733859334
-0.4828057602167248	0.0270855947146311
-0.4817281759447707	0.0233602569053657
-0.4844019747603381	0.0195507289694517
-0.4817684822059866	0.0220411652687081
-0.4800114094573086	0.0206852752512065
-0.1336905690349602	0.4587660477910147
-0.1327155740066487	0.4586028066095199
-0.1330902974428450	0.4599596849666350
0.3837581472327494	0.2728185761747592
-0.4774854071563732	0.0232435359049156
0.3897613100458425	-0.2882582305511401
-0.1348024007536970	0.4529846653651248
-0.1361055534423876	0.4482742145987886
-0.1126156363847229	0.4245583745390649
0.3984081706210939	-0.3107405631905624
-0.1087973569122590	0.4264502363711680
0.3471974806446004	-0.2446697701145909
0.3273890636534425	-0.2829672341181036
0.4040759426875524	0.2887406660560869
0.3792728080552036	0.2061891058016541
0.3801577025363337	-0.2452460518036448
0.4163233094998809	-0.2942657069460920
0.3311110799742661	0.2162093512151700
0.2946785849300397	0.5885907460582787
0.4988222240316460	-0.1509380482145199
0.4321016574237925	-0.2962116009975422
0.5703112491776261	0.1111411488393285
0.3870400392692404	0.2673722079417978
0.5495934681588789	0.2851970025267868
0.7229685796470110	-0.6379230277776404
0.8938707039494330	0.4698426923158511
0.4740178443748451	-0.7114718366983740
0.2850137062396116	0.7282018220949404
0.6718845491025348	0.5326007539890695
0.8812271667111515	-0.2067646587511273
0.9651559597302414	-0.0392966396313073
0.8498528232953265	-0.1493376395987657
0.0311709217155741	0.8952688747017658
0.9091057774323279	0.5238625399405327
0.8317696364814963	-0.3748726766900508
-0.4379103799541898	0.0245594781694254
