2.3960060018650116	1.1805816167220473
4.3905763949392753	1.2353790802644731
6.1669631938954454	-1.8213636425985160
3.2683533258695276	-6.1282805490531693
2.2452066441578697	-5.8231336277655981
0.4699303884985262	-8.1814717666483521
2.0899021141463852	-8.1328136588985842
1.5039206326948109	-9.4565314704557739
-1.3317866467009467	-7.9833845054368329
-3.3935965320140262	-7.5088613896725356
7.5465921896283508	-6.2767220117394640
4.1895508709084401	-7.7921088585587466
7.2324631356681266	-7.8722463625976493
5.0650082019304898	7.3256240691231458
4.1880611548068210	5.1694322222353737
4.5702240117678237	-0.6115251898634166
1.8138225319981578	-1.0256302956620464
0.0296023994979729	-0.1166859476816020
0.0339967956817602	-0.1037309261950323
0.0405925526347987	-0.1044646353987968
0.0425817383095281	-0.1031463003681007
0.0436227682211526	-0.0983655700303891
0.0418614410867235	-0.0929579992737154
0.0398068462573811	-0.0864190089371416
0.0388756156495182	-0.0801082500595793
0.0373103145127192	-0.0736162051353942
0.0355758670734329	-0.0678510199814873
0.0336375272255413	-0.0618881830649492
0.0326768776236600	-0.0569335143467359
0.0307123692544761	-0.0532603631101651
0.0286298012177930	-0.0494978608020140
0.0275982588797457	-0.0477695278842109
0.0306372461294746	-0.0495407538839977
0.0275274384031480	-0.0474140538245470
0.1068161927408436	-0.1199947213042613
0.0692549657643853	-0.1067999590115055
0.0396122373569392	-0.0857236319210168
0.0210435253233416	-0.0680525037411409
0.0223554106742215	-0.0453805103686856
0.0027054310041113	-0.0422773380811736
-0.0015052163232375	-0.0324933928665916
-0.0035757370772753	-0.0243309994166840
-0.0039647242827875	-0.0177280641874198
-0.0039696339928360	-0.0129296067398312
-0.0035323299892633	-0.0098155666415546
-0.0028149196935997	-0.0080569180551305
0.0322173390402873	-0.0059596590695501
0.0286405974695743	-0.0056888668183532
0.0358196621062443	-0.0057155096001564
0.0429591102404059	-0.0064620112726520
0.0495428715760442	-0.0070977932823141
0.0547027556231724	-0.0078971107309982
0.0591000454408922	-0.0083686786636335
0.0621216873482421	-0.0090990111429454
0.0648727054079339	-0.0093277791392750
0.0673969949263020	-0.0100297373669433
0.0699017981704122	-0.0099494997401889
0.0720601372062458	-0.0115762043043578
0.0741480070471538	-0.0093650824396495
0.0764188333659071	-0.0087585328081968
0.0804407666389346	-0.0068260805393707
0.0856811995046384	-0.0048494067235358
0.0925151842761405	-0.0037159268206975
0.0987039473959268	-0.0009254966521898
0.1024227162950600	-0.0000109594662576
0.1122981728288596	0.0016146883483671
0.1223054520230968	0.0021795328148374
0.1364347275216185	0.0026247262115175
0.1449035537650984	0.0014926115568431
0.1503443808513780	-0.0017503522753521
0.1583908168296411	-0.0039581167988807
0.1723084948836135	-0.0073515245846633
0.1894906277681145	-0.0109051341608746
0.2051622347963253	-0.0151951319311306
0.2049551564647968	-0.0180891028202294
0.2161832606497054	-0.0224000111059968
0.2244030502688375	-0.0277287450167256
0.2291180264726519	-0.0294417011248396
0.2302001799231632	-0.0327216906417308
0.2391556096780513	-0.0359319228875322
0.2457576717772618	-0.0390610140448177
0.2582762595149150	-0.0445256525545379
0.2241112988793150	-0.0371904181897195
0.2180655123117922	-0.0359829557414126
0.2522804214341515	-0.0467327869019968
0.2782104833419489	-0.0532262070832531
0.2864724425123978	-0.0559274075278892
0.2887296766700661	-0.0565090305820981
0.2824528546693784	-0.0559638993489310
0.2765299496022817	-0.0542724476062302
0.3051470000851336	-0.0620932299045530
0.3351870152746929	-0.0718904265250044
0.3379244813376616	-0.0731746440769560
0.3363960229242269	-0.0748639544182008
0.3426202217792048	-0.0765754890056221
0.3052054634482969	-0.0659018018468093
0.3003964617587949	-0.0615066551650858
0.2292858717913388	-0.1377832786464155
0.3138845231007978	-0.1975579086585253
0.3270978325785861	-0.2096126326876634
