-3.4363364421436451	-14.5905548923392040
1.7705961199297342	-1.3442492612707668
-14.5572657037915010	24.4181936367698180
-12.8872724946388160	35.6522471801284840
37.1683476212255640	15.2655204635058720
1.3888145032918084	10.1146973478633570
16.1209580956877080	18.8415452272304190
57.3231309663144940	-24.2509478606377020
28.2850836479265060	33.3168579174316900
47.9325752442858360	23.4270477999864010
48.4255389296760300	20.0681558215765850
37.1317721329990390	84.1803416232321100
64.4549415934204150	15.2856417174476440
122.3896644841787800	-50.1972718904907400
97.3760662001391640	85.8259493647891250
179.2056831765766600	44.2424238440206210
197.0812944376382600	169.8842266276057600
131.2251830748939500	62.8003546944631310
103.9190887312485800	31.9977056453366800
76.2869091785908610	101.6332950596839200
-27.7700439099889490	151.4286584612617600
80.7784295589036390	86.5562012439200000
103.1667203460024400	40.3975783216255880
142.8374498240719400	-37.2588021861978190
131.5537424531440800	30.6963402581621700
107.5612968897702800	-2.7460780635666664
5.8780835159211184	167.2819539458109300
-248.9163201813262300	-144.3098851810048900
228.5678450316610200	85.9774365273005970
86.9802785216780590	-316.6943220699507700
98.9741971178386990	189.9241497366828100
-42.0742030848352040	20.3325979974016780
-11.4378098893092730	7.8127359337994520
9.5963702240883819	-2.8500881901031594
5.8942558139785071	-1.3148348431517660
-0.2003550387264428	3.8382922694822592
-2.5419595226353371	2.9101742240126556
-10.3699620578812940	-34.2271507584572130
-0.0142214472647449	11.4719265699010930
-0.5518645146513332	0.0593683671576700
-0.5528375990073071	0.0793963235598731
-0.5587137007891272	0.0566456981720900
74.9324170726629010	45.0605318572989690
2591.6702182440363000	-367.1133772688159500
-0.5449497967092750	0.0458852086332747
-0.5388843593572947	0.0455047457756015
-0.5168254183399486	0.1324895767865721
184.5482455558892500	-100.8084070996704200
267.8009810287184100	-14.8117950657752150
32.5529071044216640	17.2994235440078120
25.4883151494147420	-9.9729207971078146
52.3698310248448780	27.4319700829078170
133.8650179156008400	40.2929801558504290
244.5128686226364000	46.4053232979562790
98.3251327725814260	121.7303695843932700
556.8114580719137600	-105.1873594775802200
-344.6607215131796200	367.7616197726214900
530.7341161815995700	287.7667090923184200
668.3141429153299700	794.1948459064851700
366.9328619646440200	-104.0622975300905000
616.4047036600952700	-166.5555697664217700
-0.1405595354010662	0.5225883886002113
-0.1533751252933537	0.5286756772188367
-0.1550920331180359	0.5044695119361996
-0.5275963067952889	0.0808561574863128
-0.0999363267873283	0.4519973523911441
0.4328509762709760	0.3084614321845510
-0.0857568288235448	0.4326522036910451
-0.1112853950596126	0.4399622481676595
0.4012952626220279	0.2978997928971706
0.4228646683222988	-0.3269752947115498
0.4741259618122198	0.2060681904766805
0.3953892500493397	0.2294862183870030
0.5920844995208088	-0.2507126293346926
7.0704032245824404	-7.2059172230083997
28.5228154218133270	-7.8510086850540608
13.3362304945637580	-7.6642697029634244
3.1968421185523304	-2.7611987935893167
8738.1083657773634000	-153.7798417141860900
10585.5238750060400000	-1503.6146452342607000
12802.4318329938250000	4263.1454540643745000
10019.0347149027980000	11532.4541383140190000
4767.6918001194017000	-1464.2475750040655000
11595.6808780022060000	-8077.7883100200424000
6070.8162150741755000	-6145.3545531515138000
8807.6855410510107000	-6199.4253130225334000
5785.0579624346801000	-269.4154988730475700
8341.5966190558847000	-5988.9563050716133000
4576.8152322147225000	7063.7686076772043000
5629.0781625865839000	3605.7594028794538000
4740.5147555517106000	3598.9430957766162000
3203.3647567116459000	-2913.3619356544573000
3601.8051659033517000	332.2610645030738400
7399.4748535054814000	-1102.9838320521765000
-319.1677873643867000	4150.7671671885519000
2569.3242188300555000	1574.3887878883993000
1260.8688863761945000	-3457.4355674719018000
4471.2219885153308000	1448.1568457779383000
1174.3361938446299000	770.9890558642462100
1115.9930975181878000	-66.7928568145269140
