18.9869034841199600	-2.6509335228601998
16.9482848996805910	-0.4069115687187302
11.0555368115058080	-6.5418058330059772
11.6574719122289620	-7.8160247263637803
5.3939278326548452	-5.4590086435498328
4.1118389685892307	-5.0515714725054011
2.3727599539374942	-4.3479641626273047
2.5086127488864842	-3.7412210556556769
1.8429402091295768	-3.2824742576149606
1.5582755951526965	-2.9522415824533503
1.2262640927774948	-2.4772469125006373
0.9855791202306147	-2.3516652741330182
0.8179915446980818	-1.8531143510243600
0.7402201081183284	-1.6092098105191057
0.6704665529829885	-1.3809433972834522
0.6082464885182843	-1.1898055662844069
0.5668170073187366	-1.0291255114842872
0.5274517151399345	-0.8954416615010699
0.4952746898014706	-0.7748132572527375
0.4715000627862052	-0.6741215713621814
0.4506901312620871	-0.5853789332288105
0.4347384167354166	-0.5080548579271100
0.4210372088682380	-0.4408539719443201
0.4092504380767699	-0.3809076756759436
0.4013712314927222	-0.3314598083917674
0.3937996796910557	-0.2884638854760265
0.3859642051871911	-0.2517049833132580
0.3784041464104584	-0.2196980857942236
0.3712310709362359	-0.1914246534948940
0.3636989334556857	-0.1659791392316925
0.3526882492992852	-0.1392497610217919
0.3457986235752061	-0.0998394224430250
0.3884333779721149	-0.1142763248223486
0.3668677866565330	-0.1038783356820597
0.3595840532363709	-0.0913714377597778
0.3549919388418649	-0.0806360834398007
0.3517932300414402	-0.0717172903532960
0.3496303836361830	-0.0635985980280002
0.3472937543562232	-0.0570711015116138
0.4113775113047202	-0.0146561515850701
0.3315684265981169	0.1882004744432669
0.3411375726290717	-0.0391820758649238
0.3406786988993368	-0.0352431031438465
0.3396412426439113	-0.0314641150132190
0.3391409868024445	-0.0280400370261175
0.3394221518160609	-0.0253096213416023
0.3389577258425213	-0.0233958826098225
0.3363775394664378	-0.0227374153714085
0.3344592370364050	-0.0207320945667444
0.3371561910095393	-0.0196855190810943
0.3364814074383333	-0.0209011003388615
0.3362566131396527	-0.0182350099480548
0.3366682374541471	-0.0201399842626430
0.3322731718718127	-0.0162722959057271
0.3352838543230822	-0.0173229028598191
0.3395179338335441	-0.0109766851628670
0.3444580494510695	-0.0169920381258566
0.3297467898790498	-0.0091413224366473
0.3363543385976943	-0.0087839017391752
0.3448225889842708	-0.0164038960574381
0.3489593707755592	-0.0093972269611119
0.3306752671653711	-0.0095385220235372
0.3326362566269849	-0.0192290449918801
0.3373280823108903	-0.0092022743776786
0.3369750148312231	-0.0099305986903642
0.3422114999316552	-0.0072111930321576
0.3510547723528228	-0.0151388552224170
0.2897024239998616	-0.0494764978973925
0.3109729176565437	-0.0087269149497535
0.3205085315506482	0.0347237716867685
0.3098486370984354	0.0044422974928443
0.3425460200632349	-0.0385856982327565
0.3187320461469417	0.0039227122111271
0.2560165248795284	-0.0366644041221589
0.2989838967723946	-0.0354121109905672
0.3578790835671702	0.0152086351978093
0.2737428991800805	-0.0081528057009835
0.4251006008374261	0.0538268634289332
0.3361580302371943	0.0303888736756483
0.3379146348575911	-0.0131557236601163
0.2213592871525304	-0.1808332342078861
0.3323127980326828	-0.0144504482921949
0.2318255197206857	0.1284765638705075
0.3020258914378703	-0.0444407022079040
0.2831295957821751	0.0722736837379089
0.3368378086060459	-0.0074938393807155
0.2958652425894713	-0.0093067841220416
0.2964967230295926	-0.0053227086132311
0.3013525449543816	-0.0072672863598744
0.2981489357145480	-0.0050957988043108
0.2907381524306541	-0.0034353968624815
0.2910982047092154	-0.0078320435654008
0.2877913867234214	-0.0027332228701122
0.2889505881080195	-0.0046153638772071
0.2874193363117300	0.0019525960541402
0.2926092505692342	-0.0051028237026021
0.2885828252850071	-0.0022531954401784
0.2870528307696746	-0.0072304316667208
0.2888589164173303	0.0025886920549175
0.2951420671595462	-0.0143255327928910
