2.6689641370674049	0.7698792637771378
4.3166647092084860	0.8753364061571927
6.3380973452101026	-1.7245751161992577
3.7893530851805677	-5.9825546633460061
2.1402925474256707	-5.6031653471398526
1.8733507875347064	-6.4665523652561259
2.4842028909460878	-7.9703163786955686
2.0456065088282540	-9.8637619673582897
-1.5855198111717699	-9.1856754348318699
-4.0337763747890287	-10.1857290730362600
4.2181489230634162	-10.8435856811276830
8.0922289452563554	-2.6564668914691203
-3.8904380935913050	-9.1970157490242439
6.3375230222162013	-5.2901811068492917
2.5702879698841805	-10.4344737062202060
4.2988539957069021	-8.0327241904068725
8.0907050404089418	2.8383116784549780
5.9354679211941903	2.1097862828905263
0.0841044387999072	-0.0254088609918867
0.7961993613954576	-0.8716791937101200
-0.1283728539507451	-0.5421595805015166
0.5212391810631039	0.0811564575192481
0.6713009611712317	0.0575294630554741
0.6741098975218430	-0.2231193163634468
0.3314045186230400	-0.4337196578075073
0.5062936188559788	-1.8586628915297685
-0.1338040793459626	-1.5078640514172983
-0.3887454096163391	-1.2053518889394805
-0.5503457035818987	-1.0309238680132227
-0.8888589790413316	-0.4944367053386152
-1.6801734537983650	-0.6690002263887243
-1.1676901438890663	-0.4069527980778236
-0.1276004636841364	-1.6002662596233155
0.3489438010076503	-0.3980262797585549
0.2094834238144413	-0.2108416403063970
0.1239778844816791	-0.1376627782746246
0.0740044568450473	-0.0990237118289501
0.0437911977454418	-0.0748539561840301
0.0297328221203753	-0.0703236930974441
0.0135771521890756	-0.0442744908644033
0.0058876248494387	-0.0334327234631899
0.0014411828830180	-0.0248195425802970
-0.0008227491891385	-0.0182244681218929
-0.0018577107321792	-0.0131662927034889
-0.0020454390571565	-0.0099232097277947
-0.0017509259918144	-0.0081427516347345
0.0335009973244537	-0.0059816621986272
0.0304613966652821	-0.0058864743399930
0.0372303486745682	-0.0059004621158941
0.0444214072313173	-0.0068346616019530
0.0512543366254801	-0.0074332016780389
0.0567308505389301	-0.0080736848932078
0.0606642894265011	-0.0089736228897668
0.0638652940094148	-0.0094237937974513
0.0663158021797865	-0.0097941254677802
0.0679280200854173	-0.0100953691794242
0.0707668237213467	-0.0097945715878011
0.0729984082240912	-0.0111958965742960
0.0751299743442906	-0.0098112038697726
0.0778297735714011	-0.0086062149574148
0.0826407875001120	-0.0065212881597046
0.0872643461918848	-0.0047859659551129
0.0901648021844360	-0.0036505683037362
0.0983788460979943	-0.0010318823985122
0.1055397172358833	0.0003783812434019
0.1160111521302474	0.0018384700774692
0.1219757678070737	0.0021293459859235
0.1333038111236219	0.0023243168010476
0.1456372621023086	0.0018150939801315
0.1515461537966603	-0.0003607896408982
0.1615913990415056	-0.0031603565994137
0.1731014844095697	-0.0067167489468222
0.1880055061160998	-0.0109218130494621
0.1908628722602557	-0.0137273082981682
0.1896865717811312	-0.0163633664366907
0.2044475909988477	-0.0203190476585717
0.2237264755309958	-0.0260203032155397
0.2308876199127811	-0.0292017844014059
0.2278482257670466	-0.0308975323460062
0.2197619675686079	-0.0308211168580160
0.2227176578139245	-0.0333491137827691
0.2402975537187156	-0.0385295173321139
0.2535918686219194	-0.0428944603739652
0.2446604485784893	-0.0425502445155611
0.2432057083812516	-0.0425487254404508
0.2490314533409785	-0.0447478061117922
0.2604570532026280	-0.0475771419215931
0.2664708051601850	-0.0486239776095006
0.2668004491775803	-0.0511209174944173
0.2733644834047568	-0.0515832713834605
0.2950942505944142	-0.0588662265346034
0.2936380817580850	-0.0590419942441808
0.2909876246239285	-0.0579021700402794
0.2893018389152992	-0.0583800788455692
0.2779927455779044	-0.0542059948256918
0.2897953304121830	-0.0576325657030892
0.2767822048811728	-0.0531616549769265
0.2624963610653252	-0.0503964565716824
0.2367493430729270	-0.1302888055965245
0.3222733295530904	-0.2004326012419005
