-18.6805065437106170	-4.5005068570324704
-10.3964620893277910	42.0395549812652400
-20.7591789528571200	22.3514829922964220
5.5443881055599604	1.2307141226301381
-15.9272438161892430	11.3998343005713640
19.2977319815433220	29.9824915907047970
14.7903781780032340	47.0999027072048260
-14.9552817692841720	22.4629361251522330
-6.6830198830963843	25.1942221833523060
79.8839895761066290	61.9728116811494730
-79.8080568210115900	90.0623980406861900
10.6107506381989010	31.2736649498799930
8.4349964491532585	209.4242016777112400
-140.1401503976018400	177.0017778235535400
36.0039983398880490	52.4307632767855410
43.1314842347108820	39.4029374348855230
-60.5347379774056050	-89.1381757513482570
-78.5615347593788730	-28.9608794628218970
-16.1485672264797310	-75.3010468756212670
-25.2311743966604990	50.1136905152245970
51.3694135751094050	31.2997156027366830
77.8926365080444040	-2.5070670059210118
-41.7423797887766810	143.1451867588979500
1.0350125658337836	-5.4906768394589509
-2.5819885925826958	1.0888533372862810
0.6132359413410996	-0.2675176976527667
-0.8835157541327658	0.7564848146684452
-0.6117779036087205	0.5273537180522651
-0.5926779801381060	0.4519436032483765
-0.4750652765518909	0.1621357036065233
-0.6181832748410051	0.3000777078084634
-0.6122639508882356	0.2532054067703820
-0.4808897756865146	0.2216428831664863
-0.5643558556692860	0.2550649036784686
-0.6502222053054132	0.1601982574859139
-0.3893389261609294	0.0227752531355521
-0.2922558918138627	-0.0166610090395991
-1.6009456327145637	0.7438984550464077
0.7166953951377082	0.7433719486672676
-0.7438602894015872	1.1234636777147862
-0.5308956482496136	0.0715260044688125
-0.5267604046471922	0.0646650014806571
-0.5245166148383871	0.0591380916917867
-0.5204028793072355	0.0519561927476717
-0.5191838350672503	0.0497729805843004
-0.5160892836441716	0.0456887905120761
-0.5138778965704423	0.0428994418276141
-0.5161665728580940	0.0411960138609440
-0.5137839786752884	0.0425061886323027
-0.5103108117448133	0.0402957536898278
-0.5046388355377144	0.0324295538284439
-0.5034774021707007	0.0317715474154287
-0.5015402577796093	0.0315163737561501
-0.4980338485710020	0.0305955944649422
-0.4988625503155459	0.0299535309518832
-0.4943913407207574	0.0275510618178612
-0.4924812818536418	0.0218621202674523
-0.4879360155093193	0.0245573726748717
-0.4870752725386201	0.0267329628571268
-0.4842864312271132	0.0243780620614500
-0.4809564760762530	0.0225930077724284
-0.4680931319409689	0.0149211443409701
-0.4867976870128589	0.0275063447464138
-0.4671081525748548	0.0262429077091464
-0.1232024205423260	0.4527843917645604
0.3754746343648573	-0.2912621394198724
0.4031617688128119	0.2556321090874963
0.0949907679430682	0.5028426841730884
-0.1196422291264569	0.4462479642026901
-0.1267717332047998	0.4513860163504252
0.3946545868120252	-0.2800614317130747
0.4049587760095524	0.2475956830733546
0.4166819527437280	0.2858982583452052
-0.1145006806921409	0.4579462608674141
-0.4545183009771122	0.0416781347986340
0.3865150329895722	0.2809010349967906
0.3389957089323441	0.2218440934828207
0.3893108106300931	-0.2147273472991318
-0.5200296794206749	0.0652792448260408
-0.4494065509448469	0.0677550653716927
0.4170845751323060	-0.2804966455682003
203.1388677716021800	-620.0618581795811200
0.4910727549748976	-0.2638895442725961
0.4231022617330525	0.1946001070626595
0.3656859545901893	0.2331311607119359
0.3535808185481094	0.2798213314010243
-0.1372713121511960	0.5388686815311546
0.3283169114114150	-0.4529939451267710
0.4912234665093350	-0.0006008093355745
0.3804548281536655	0.5500297473805542
0.4995359884597351	-0.3998500804503776
0.0685875502667587	-0.5891078095694451
-0.1136837433354478	0.5953328891864089
0.5769494281412830	-0.2253266189811200
-0.4171670098160114	0.0179507724833188
-0.4281573482879174	0.0186686253163266
-0.4274838197432004	0.0131431335464334
-0.4300674576762756	0.0086053588213345
-0.4251714022394906	0.0083372567658626
0.3402294328666916	0.2455383813316205
