2.7986071218736637	0.9323651494076571
4.1877930249131765	1.1456132805451011
6.4416159992678663	-2.7637362421559399
2.5241410396078159	-4.6134950704295008
0.9777586556335348	-6.7005095046955709
1.1034540542577946	-5.9852066061204265
1.2815649067242103	-7.0994684071920098
-2.6385216850312307	-9.5511085366661597
-1.7890813979011242	-10.0801326918600330
-1.2109885328412497	-7.4497070222729986
3.4243554938337764	-9.5744881867196110
-3.6305054935282173	-13.0013375031450750
5.1477425252035980	-9.3208193730027915
7.3736758017409247	-1.8061459059710683
6.2876995634272248	-5.2259336010175543
4.3113707516413955	-3.3880199658365417
6.4376525321163740	5.6086682596261710
0.0622062105853970	-0.1165212837224074
0.0309517839475065	-0.1092822944158335
0.0367593337857331	-0.1072168301895621
0.0396180394155323	-0.1057907405423420
0.0425567286117011	-0.1026083045143718
0.0421544229136273	-0.0976769026935026
0.0384863133292580	-0.0907632948672965
0.0376796860795156	-0.0844278143710098
0.0365463344535473	-0.0773688232647013
0.0346894029829787	-0.0700324393441492
0.0329659279544299	-0.0653461666766156
0.0316635693297097	-0.0594091049406891
0.0297353891904129	-0.0549167449214978
0.0281172247320316	-0.0515404468433410
0.0258704108192152	-0.0481618665193953
0.0301633917840887	-0.0506220110970857
0.0280824606285118	-0.0489092046632914
0.0245188422763168	-0.0465560428773447
0.0566921340262778	-0.0949399908524459
0.0354410480841324	-0.0830199083662222
0.0190659870615565	-0.0675535074418613
0.0062540575082107	-0.0543805693724584
0.0020276820806781	-0.0428226716573531
-0.0018763174685968	-0.0327884133333932
-0.0038354963271848	-0.0246463930704764
-0.0042599402329835	-0.0180751515446246
-0.0042638938498093	-0.0133604807518235
-0.0036575529920200	-0.0100555570731790
-0.0029017049430276	-0.0082352954306041
0.0321380508311492	-0.0061123085776272
0.0284422441738221	-0.0058340329775769
0.0344801506317122	-0.0058646284935117
0.0417477195983423	-0.0063334184884251
0.0489819681713521	-0.0069909338039341
0.0538699203090195	-0.0076270444595414
0.0583829110161996	-0.0085721975780615
0.0621972069497195	-0.0091134715222691
0.0651452643466972	-0.0094893472499351
0.0676169670365425	-0.0100579802973868
0.0708648677436819	-0.0101431890404685
0.0733140825174042	-0.0079055711882212
0.0747802413924451	-0.0097534929942786
0.0787325777615784	-0.0080883818390167
0.0837209425261912	-0.0061592735006594
0.0904525744992302	-0.0035846262200916
0.0974574746878314	-0.0002038003469577
0.1040505502736546	-0.0003886690076240
0.1113045737587855	0.0017965071751728
0.1183731678172648	0.0024220173561468
0.1257990068859068	0.0029727358444727
0.1405747740016609	0.0034323960632407
0.1456352710087711	0.0012629597575164
0.1572103394836037	0.0000727021782135
0.1720590932500988	-0.0033462295750056
0.1864867941624681	-0.0073445536719318
0.2034774794804185	-0.0114154278722990
0.2112196660541093	-0.0149598023565408
0.2168214748835761	-0.0196423814624497
0.2229381676459371	-0.0227535564679178
0.2242454555785477	-0.0248891653259201
0.2338346429056099	-0.0300398005072832
0.2460177888577403	-0.0344440603264537
0.2472450603748881	-0.0371961947477633
0.2469048597846100	-0.0382655504864240
0.2586685615042734	-0.0432632499067609
0.2701347908868218	-0.0477645267447695
0.2744311797992156	-0.0495790906996837
0.2834297856612880	-0.0520858598509788
0.2875661167471508	-0.0553840245547399
0.2822124519323802	-0.0546553012776567
0.2981312879492330	-0.0587076184027290
0.3037291747617569	-0.0618095613850631
0.3105057593282099	-0.0640946161039725
0.2918978862907121	-0.0593621379614122
0.2875679043021859	-0.0571849265585007
0.2755907740578631	-0.0543774202121421
0.2955328760968070	-0.0598109677534648
0.2882626092296459	-0.0588417428242583
0.2886265883697562	-0.0571547096281021
0.2925113612507177	-0.0592791225256426
0.2861858885054168	-0.0585598946753387
0.2398602402616687	-0.1286025909911009
0.3208667873421119	-0.2018130064197968
