3.1418990523763921	0.8347871552490975
4.2144481977475214	1.8224370530704359
6.4031629420161931	-1.8444376169502661
3.5814539022454293	-5.1010014382985842
2.3804835403197298	-5.1310756750936326
1.4503881630555799	-6.5430470517978190
-0.3097177874768291	-7.9976673956464870
-2.4480110159036363	-9.1217866083818997
-2.1837833073307094	-7.5369290627621126
-0.8103346986840645	-10.8084008422320250
6.7170977816110042	-10.3417282463198660
4.0366500051984771	-7.3142600984288437
11.2005782126429080	-4.2724228508308650
0.2372661794693687	-11.1212112247448370
-1.4441775994770094	-6.4000887940237314
8.3464555521338326	3.6808839311332684
0.6093459194142081	0.5231610471847310
0.0514113769215229	-0.1528775267265248
0.0363907568898502	-0.1320731866835274
0.0421752333470321	-0.1300878779820654
0.0442047531507617	-0.1265461999408608
0.0470777243148473	-0.1231300924011885
0.0461897589166874	-0.1173167999668260
0.0439879384640964	-0.1087243451204261
0.0405995817140294	-0.0989258118538640
0.0400113097282328	-0.0907519542520361
0.0378029935436406	-0.0830656117915456
0.0363461700450008	-0.0753064375959538
0.0347585385645141	-0.0689590331298562
0.0367266559480797	-0.0660961751757855
0.0405485237239442	-0.0648317554768423
0.0402443971019980	-0.0618514949828709
0.0372676974076094	-0.0594367798119500
0.2057895198874394	-0.1764675422599518
0.1317503615370432	-0.1530203009816034
0.0769397681304802	-0.1188217859191695
0.0440092740100541	-0.0928743514463437
0.0234575451652414	-0.0733428828261921
0.0125603531185351	-0.0590242410253297
0.0035477374767584	-0.0450474604538094
-0.0008306484511671	-0.0343464759199663
-0.0031303180089256	-0.0256735916527980
-0.0039161655828229	-0.0188650183115488
-0.0038439030226070	-0.0137202999136513
-0.0033639630787454	-0.0103973687404153
-0.0026511579925428	-0.0086433243525767
0.0325291337010524	-0.0067581597680466
0.0289227786393409	-0.0065218191647186
0.0356568414486210	-0.0068650464981117
0.0432182047024560	-0.0073118878527499
0.0499883144347353	-0.0079530944890528
0.0552275501446768	-0.0084962958182278
0.0595542929788975	-0.0094571425453031
0.0632243817051298	-0.0099766296772398
0.0664321942325279	-0.0102711953088476
0.0682062248101408	-0.0107716285693728
0.0701085437703568	-0.0108300979365229
0.0722614778244756	-0.0112129757681289
0.0739496369351425	-0.0097152227497705
0.0767297880167649	-0.0088924156615026
0.0812660872300005	-0.0065510713777105
0.0870349224406527	-0.0047208306931326
0.0884286340590658	-0.0037396552687491
0.0960416675749750	-0.0018663753895184
0.1048399559471323	0.0001262578764255
0.1191470654032769	0.0024199927460529
0.1368522170843139	0.0045185304386511
0.1452936952556184	0.0031552375233306
0.1493599967712959	0.0017890314702478
0.1587459938380687	0.0000344426267109
0.1683411184101203	-0.0043917127352867
0.1794326244204398	-0.0079915170129918
0.1882748383172866	-0.0110111114808945
0.2000511666536819	-0.0158042683565000
0.2105784587660168	-0.0191157386186837
0.2295835118676911	-0.0243362121518583
0.2494382701446497	-0.0312157594639388
0.2513633606107789	-0.0332882358176935
0.2398562037340098	-0.0345437798653886
0.2434267713860157	-0.0375607132597694
0.2528199893981853	-0.0413370746246762
0.2607178456503295	-0.0452415641090529
0.2855039167984665	-0.0524270609529845
0.2952385498995180	-0.0560089602557859
0.2629314345533571	-0.0501949339155940
0.2682951700792300	-0.0510997534266660
0.2794758519670916	-0.0551799694992776
0.2692518180104557	-0.0526147135926383
0.2843907146475501	-0.0573627200867926
0.3034065743354470	-0.0628474405888683
0.2985560137098610	-0.0618358797278205
0.3034884398924180	-0.0640755397738101
0.3379559569855914	-0.0733048402065277
0.3298673511338089	-0.0734834815726221
0.3038116250022446	-0.0639838443077510
0.2977029560021402	-0.0627205924038774
0.2937842566097527	-0.0608379802041659
0.2377778423858098	-0.1308108264844570
0.3242908370654591	-0.2106277533421468
0.3276061378156046	-0.2118426037757936
