0.3296705108604170	0.6642263346776997
4.2172121053505744	6.6872896100425638
5.0890171902220862	10.8499130087424030
16.5614762325728010	9.7991525643520188
1.5076491959677132	-0.3274465572931133
27.1580298165574270	14.2113856969965050
6.0999408090707652	-22.2093885098918700
-2.3124924716771047	-20.4942933073134950
0.8424508450204029	-24.6232254867846480
21.8146078793402330	-6.9709375046586270
7.2743918686337921	-23.4976257673493940
17.6088252359495670	-9.4899500198749056
-9.7500174552146675	-18.0760151796294010
14.1911801505107280	-2.6508913341124201
23.7310381194547870	8.8211999995388588
42.4639543040061650	-24.6938928655527580
1.1885794041071092	-12.9768667626296390
9.1535394362837845	-3.6982312823343175
15.1990336535450070	0.5210640844470961
3.1049611968743931	-14.0918334024178510
8.5168772760208444	6.4677284886354647
5.0143668348368937	-7.2645335421400912
0.7880305318991804	-3.2045794363577791
3.7847382768196565	-1.3433003982045233
18.0290582130187080	-5.8149131592880536
28.3091701432858720	1.7196243575451651
194.8857268748924400	216.0874772389232700
253.3299535893561400	-300.6121378611447300
754.2063703951118900	398.8251267111303400
438.7708645842254200	134.0463716260806600
283.1567428939300700	733.9733247503920700
24.3274196612685430	9.6285717595742639
8.9700821483759885	4.9838531708935001
2.6083083026716216	7.9450377736488651
145.3995989106794900	67.3975820110065060
4.0629535569577371	0.8051334361160224
9.8844439097268388	-0.2756040185929942
2.5807369637974915	-7.4715557657087466
10.8906055975344900	6.7850344417262312
21.6178786656300590	8.0909772574697651
-2.9931387994398810	17.3245616524171100
36.0047485215231760	27.4354944831518030
10.7989873505546580	23.1605581503351450
45.4136515675457910	-16.6804055700414150
46.6403625317832040	-34.5535744467155940
13.0131710569853030	1.4041650969343487
18.4743967492605210	30.3103456629473980
86.4609868270660370	71.2782444628462170
6.2776881391774717	22.5658549027834070
0.9658655521948633	0.7118930510277245
-0.5823273221160027	0.3244143484527207
0.2773603630451291	0.5552526703447401
0.9288693516335499	0.0690506651217710
0.6117997813243523	-0.3254277276551396
-0.1282582958151345	0.3781877997102895
0.5848145362458791	0.1266029535950355
0.3739133617032093	-0.4593780705238756
0.4293537751062978	-0.2386867149346400
-0.2792000120297136	-0.1291545732485371
-0.0896740036444868	-0.4099344270774105
-0.1000792477661917	-0.5174194242414931
-0.0835193774778640	-0.3667570181860044
-0.5634450770290934	-0.1063475918187759
0.4083682336432742	0.2771977136369956
-0.4820784435252903	-0.0961184634954668
0.4676792170427340	0.2392257512898874
0.3430726767581657	-0.2849192996402580
-0.5409243677669291	0.0790865365711091
0.3849542302312632	0.2381852111881790
0.4696344151424267	-0.2111202318443763
-0.4899604472377193	-0.0501429037869265
0.6346735123594036	0.0057859842847466
0.4764320142617944	0.1775306125651609
0.4867792734665684	0.0215854580086144
0.8025682258182416	-0.2498816077997379
-385.7645667952109000	-2384.0575088678652000
67.4934982772589220	-5930.4610256618671000
3039.8076988113789000	-2448.4723045358596000
13232.8001362560840000	472.3895645875784300
3198.9081608133010000	-1011.0062849074733000
12284.1314674759050000	1791.7482422595760000
7873.6379119931025000	-13265.2121345577220000
607.7120148686673200	4695.5202201074489000
1935.1672407361041000	3138.2777864649256000
3230.3602145722039000	-413.2673049806714400
-350.7281770666218100	1716.7667266034364000
2009.4541197528463000	302.7491628328559700
6323.6566452065990000	-13300.6047134664900000
5964.0303481448627000	-4186.4734430129101000
3086.5687144719127000	-8724.8201466998853000
-2967.7523230374363000	10130.9423110597820000
8953.8305424261016000	1006.8257204926471000
4017.6044815683204000	4461.4451518113565000
9198.9022369812355000	-5999.9077087031974000
3062.0948325346831000	-3982.3810028136168000
4539.0708156629535000	-6824.1228586232937000
6952.1063235089086000	1040.3704023257835000
3802.3911933302584000	-440.0621435832246700
2766.3218000399229000	-3352.2719412950596000
2022.9047759346527000	-178.8522546033954900
