9.3012169874748754	9.2814494196676876
12.5694563229045890	-3.8626226280856231
11.8084292129182610	-6.8614895251088077
7.4432080280453450	-7.4318782171275837
5.9651894045173401	-4.4206536969181105
3.8890566598670562	-4.6350728000845285
2.7880730655117816	-4.5168210265706081
1.7968457061079233	-3.4105520841287009
1.5985359772687662	-2.8915031237205020
1.2871837722007862	-2.3485359931676970
1.0534271435092279	-2.1312507550722883
1.1170158134939876	-1.7757503548281761
0.7687085404301045	-1.5632397600392380
0.6699612565908244	-1.3492304378125335
0.7096950187264137	-1.0591425828689442
1.9962421207280527	-0.1633980673207271
0.5938234199022051	-0.9213709877742949
0.5247859493115208	-0.7865023525868657
0.4843829956352123	-0.6763694806562337
0.4443457744531034	-0.5842553700523261
0.4726350150458924	-0.3188245754439577
0.2053202898825371	-0.2773919142294934
0.2829755536322547	-0.1423155263507901
0.2149663832258365	-0.1904908646857990
0.2532542901862258	-0.3151996407862210
0.3238662625528742	-0.2701024916717734
0.3427262642112763	-0.2157309528206859
0.3341069432044224	-0.1884803587942203
0.3290346299791871	-0.1594401939004412
0.3231682883676533	-0.1393875116692766
0.3151048333938909	-0.1170070314985107
0.3129167045445891	-0.0779346151181392
0.3402981770855187	-0.0989092176140493
0.3239869448442065	-0.0892379081509758
0.3178279776519543	-0.0783556067653778
0.3143291747678658	-0.0694934064660377
0.3116847845106961	-0.0617677635837275
0.3085160082166973	-0.0551783727159470
0.3067725937277683	-0.0498860949007246
0.3049547968232417	-0.0449082135892689
0.3013955417446981	-0.0368436802259822
0.2994165143610430	-0.0353902420275528
0.2965980104191391	-0.0354166297786609
0.2981856802872760	-0.0264586506349412
0.2992094220765243	-0.0293516731819305
0.2950902259725635	-0.0305571433180614
0.2983254425976166	-0.0199531712342546
0.2871847757817375	-0.0187464627402142
0.2917254581077317	-0.0152872566036179
0.2936224292103566	-0.0092872603368562
0.2822517571828546	-0.0217568912228129
0.2815479001380030	-0.0062204640872767
0.2801519190398595	-0.0188443721492806
0.2924700632088622	-0.0180069750975509
0.2883335705736260	-0.0073145180428820
0.2750043148537723	-0.0147739313426989
0.2751750925594759	-0.0097986628410772
0.2742372231859955	-0.0142682971984569
0.2736045732941428	-0.0145102207842697
0.2711966693057619	-0.0094547170478041
0.2720822775468298	-0.0139901451726032
0.2706629274636972	-0.0168845060778641
0.2727358639780365	-0.0161478141711042
0.2681955725249091	-0.0143402506146735
0.2657110138809912	-0.0142755802641424
0.2793286727640289	-0.0162162974394878
0.2578790346936781	-0.0221555757744154
0.2672979573420034	-0.0252602624549538
0.2547844358005045	-0.0224704820835564
0.2586190371722167	-0.0065568616106290
0.2654700138322482	-0.0290418388628852
0.2756098378483354	-0.0178968319616585
0.2576747902497624	-0.0083415491497021
0.2638155831968767	0.0108945364770700
0.2224565350987416	-0.0312411930269772
0.2076824147884379	-0.0404911556829893
0.2683784962743798	0.0337831410412313
0.2935627320233148	-0.0792160699161200
0.2160797934331387	-0.0112144165437511
0.2236015391229160	-0.0702778201074744
0.2964359705396479	-0.0083076398781383
0.2279803000385566	-0.0695364050371393
0.2226921274482980	-0.0388968870467671
0.1830117252523518	-0.0435679776606248
0.3178485899291756	-0.0946508719180446
0.2323339351818757	-0.1480756934571146
0.2212272534136850	-0.0804818431308096
0.3568776490960421	0.0292641294023391
0.2956052674124710	-0.2293515538050694
0.1625189151133328	-0.2753480570268152
0.2134506229223839	-0.2048913390104367
0.3291154076908447	-0.0941565618245639
0.2626215202204840	0.0117506146022686
0.0063001076407098	0.2677402770080910
0.2554522758542688	-0.1672789595446209
0.2197179514557857	0.0846621744348051
0.2050897728536919	-0.2010102941107108
0.1493427393707717	-0.1266918120967395
0.0792843528212524	-0.0842835519670524
0.0564679354952943	-0.0787815960073832
