5.0415951122487366	0.4059784791389361
7.9591518102878132	2.8359594381848354
9.1829349876062594	-4.2041815189447318
0.7153044794977737	0.0564441482303922
6.1743136454403302	-4.6176030619848429
4.1458975845674004	-8.7526743452078986
2.0811298850266242	-7.2814552290572658
0.6857317914147634	-11.0934928235354620
1.7906981833516988	-14.2991730776171830
-2.2181055905681015	-15.2953141934888000
11.2778853312256370	-1.8468636855535949
18.9219249576907590	-6.7498340284080722
21.9407818847272120	7.2082161815027836
2.3881039007432436	-8.0558022499193971
26.0598366234055840	-1.5215157395425905
15.7781339986817260	-0.1190060553606901
3.6466159592493903	2.3117052294467952
5.2579884836428112	8.9256623373931276
3.4734183259258335	0.3905423213294633
11.8501565882781590	6.4066006595742140
5.9340326504031964	1.5964937523222789
2.2583183572421617	5.5413432419618056
2.4586638341400104	0.9025388918402220
2.0459720569056192	0.8559516868136947
3.0093977170445836	2.4028102148083343
1.6673267722442142	0.5837129411294287
1.7330248979345260	1.1750678575954758
1.4653211710233653	0.6426151788386810
1.1862788343213917	-0.8984784212736442
-0.5411936826843773	0.2682400171027811
-0.5472664774018415	0.2227255893822386
-0.5385707225613121	0.1793333587069728
-0.5800708989247980	0.1746897098648920
-0.5486055437176073	0.1564092267633929
-0.5509913096213075	0.1230871980580479
-0.5332190136480454	0.1218048439670341
-0.5284230440699843	0.1103468922121774
-0.5235163098709655	0.0969668691995124
-0.5191659224867884	0.0872465448139899
-0.5158456678626908	0.0783284773588872
-0.5124492162604756	0.0706056169796853
-0.5088861466925486	0.0659568303271838
-0.5064489639943715	0.0585154765608798
0.4167593456803010	-0.3094863550089651
0.3801120869864676	0.2664671388778057
-0.5681537363857614	0.0589789851261555
-0.4033606752939623	0.0367308756669498
-0.5215781639319029	0.1139274227220392
-0.1355424426690543	-0.4788019221272906
-0.4427192994819436	0.0200731964987824
-0.5286383409739243	0.0153224588034874
-0.5121106158103320	0.0177018259217956
0.3956237135601384	-0.2954495947021702
0.3812181865873427	0.2560897441480838
-0.1279038497830024	0.4496834829232023
-0.4793452381090202	0.0441901142778255
-0.4835235838439360	0.0240885684167935
-0.4765403996759192	0.0290082885928445
-0.4365495298342895	0.0171191747724237
0.3776131888499693	0.2558705379677309
0.3943342063042286	0.2778178785627747
-0.4435529302961141	0.0491033515096538
-0.4299386765542341	0.0729548805999189
0.3954085979371561	0.2557697593525665
-0.4387651926641710	0.0706346711872604
0.4119755393398456	0.2736555476433759
0.3827145567852744	-0.2904116695417111
-0.1105697435841270	-0.4506257442990863
0.3810523737832873	0.2448132130840115
0.4063247326109358	0.2024765421890001
-0.4663385289901421	0.0694848432763735
0.4107208183017670	0.3824795562064740
-0.0612096180683196	0.4484552837777014
-0.0510640316151653	0.3558629174776294
0.2467334453616180	-0.5087915135770937
0.4841278112074886	-0.0416258485891458
0.3563709530251129	0.2363417976762991
0.4356022058441107	-0.3273119698862737
0.4167130109693465	-0.2201901256889658
-0.0399055180269999	-0.3772876899797039
-0.4412962268656524	-0.1471492965649098
0.4009192020904542	-0.2954793317570016
0.4992923083154183	-0.5465514301461439
0.2576560029381365	0.8387084695929835
4460.1464501371820000	-8073.3163666442379000
1950.9696693483263000	-6362.5249017521483000
7382.9689962184821000	8466.6396998058353000
5874.3510842934293000	2658.1071916626966000
6611.6314605544121000	-1893.6835222253776000
1390.2288079586945000	4040.0140826568318000
5145.2813984966260000	-4791.5799627064971000
2534.2571048813729000	-2728.4065540781935000
-206.5087211917367300	6674.3733490820805000
6687.8249872962087000	1141.6019753672015000
3129.1879106371412000	1326.3524970331143000
-289.1570237843076800	5541.3217336809230000
5452.2799640985677000	371.4891422225430800
2589.4147204866604000	5173.3094049459123000
2374.6260418150741000	-395.4398818016209100
103.9598762472341800	-70.4706128991266780
