19.7732586421341130	6.5140174704710843
16.0790941363966410	-7.2191613603221692
12.8964711815927830	-4.4212861635243383
9.1128277170150174	-7.5040747111704080
6.7787157410384591	-5.0593608489464197
4.1782744572716988	-5.2813661801150262
3.3773390254508149	-3.7359008434759429
2.2973614704451211	-3.9136303124269980
1.8258653180774327	-3.2145692436858151
1.4420812310836102	-2.8399858116489245
1.1785800512305218	-2.4084117523747586
1.0522161458329797	-2.0445601729030569
0.8182518932634353	-1.8106225151384712
0.7349633964189061	-1.5733276026670115
0.6712987484489720	-1.3609078780537622
0.6246857935745032	-1.1564961733724881
0.5714985539739448	-1.0022590660987527
0.5413937164703232	-0.8709025666225900
0.5147200979799812	-0.7628888586107836
0.4859557515105443	-0.6666602522624462
0.4663184351077346	-0.5651156725540742
0.4516179776392320	-0.4880963901383902
0.4421273842915013	-0.4211799032395472
0.4329835185954760	-0.3673261294984030
0.4208752198749011	-0.3214983708849166
0.4179837236567864	-0.2701561740776764
0.4155200053368244	-0.2338115882325802
0.4130982175648776	-0.2025067830704461
0.4006329845967220	-0.1831924129928162
0.3964702303725413	-0.1532606032710364
0.3940810343296374	-0.1260628604992236
0.3886268366546300	-0.0939074665928610
0.4262250657079502	-0.1032649573984764
0.4165465041787254	0.0927540665173449
0.4376873635328496	-0.0584468176815036
0.2950156357375141	-0.0913030258815126
0.3784850534215405	-0.0706008814248530
0.3701443057792643	-0.0626616080827708
0.3652732791571530	-0.0562970651250705
0.3615177916726022	-0.0510121763239528
0.3576359026787700	-0.0474404844074435
0.3556728885486425	-0.0349320158673839
0.3516528169528138	-0.0310533539150277
0.3368762225340035	-0.0530187118865263
0.3659267380344018	-0.0399984426941596
0.3044830307698626	-0.0077334577377668
0.3382299948358540	-0.0272834002355270
0.3331637264131326	-0.0090135873427845
0.3377722195627178	-0.0227386534692356
0.3349442021670472	-0.0231515521977945
0.3314935810208770	-0.0203426769383373
0.3315469365300359	-0.0201207378270235
0.3296588493725633	-0.0188372111691934
0.3275505224588866	-0.0173748183810871
0.3262386074613992	-0.0167333357888372
0.3243319194028848	-0.0159374677213016
0.3227329755173261	-0.0159039977736199
0.3222524541491438	-0.0154234682855623
0.3197380720224933	-0.0151416643446341
0.3197144448825738	-0.0139274210781595
0.3175328083442986	-0.0127007375947667
0.3168907700308636	-0.0116239300254805
0.3170287306999077	-0.0128684881089051
0.3135065051246597	-0.0138145722730901
0.3148857817356242	-0.0110876106369628
0.3118245246340809	-0.0109812271584305
0.3079309216406424	-0.0090281054404439
0.3109413677465929	-0.0130586216324394
0.3107744861172485	-0.0114488302080491
0.3081330232747875	-0.0069716574225049
0.3189320449928021	-0.0137919088084983
0.3025080015494421	-0.0151255833334225
0.3029727320889292	-0.0041634376258486
0.7088169744654481	-0.2103759253670076
0.3027708613504158	-0.0291666797100015
0.2878257124644248	-0.0327877076919630
0.2766466740830582	-0.0252025710885608
0.3016333346630625	-0.0175193589002419
0.3001526885515874	-0.0120255924778177
0.3197387712817636	-0.0105147108052284
0.3106562121521452	0.0361156310769746
0.2742785552240784	-0.0209094198646140
0.2962019178176254	0.0166126375535433
0.2976049920303763	0.0004439061496912
0.2894538543614322	-0.0081146161422818
0.3171516963470159	0.0095659109264983
0.3098538279176863	0.0182203364867014
0.3934031868845924	0.0092551202780981
0.3039312591177993	-0.0855719318070343
0.2977953132223076	-0.0090065263215382
0.3356536641966894	-0.0155668611825042
0.2506798327805116	0.0990260064157105
0.4174078565639654	0.0719894324300428
0.3779672381758286	-0.1792870642610760
0.3192221937825379	0.0103955807278676
0.3569612194250745	0.0691303540877177
0.4333459784418954	0.0874898408477805
0.3170191095114361	-0.0666747776492952
0.4491985488184167	-0.1169960555721653
0.4526061622499564	-0.0094207778167947
