16.9982397960334240	1.3552715924346488
18.7876472598395910	-3.0331143604715671
11.1584631708274390	-5.7019629378054439
8.7955514943358803	-6.8674294247949659
5.3916915391022355	-5.5283491857342337
4.1000696151185769	-4.9036795077390627
2.8403992313956463	-3.8007342557144650
2.1223871968420576	-3.6791529179026328
1.8036042409065696	-3.2332698427124749
1.4536745581157660	-2.8368169801940732
1.1592293858091154	-2.4335345742916594
0.9723106482459663	-2.0258219121517662
0.7830375440371014	-1.8332385529893442
0.6953935858942318	-1.5646819552084046
0.6249389323436477	-1.3490511665451101
0.5656467818497737	-1.1798145383387570
0.5377825895781213	-0.9986267540775173
0.5110264601430951	-0.8618554752836205
0.4854464958439443	-0.7467098508046343
0.4665216947495963	-0.6460948261295912
0.4492220246139111	-0.5589863165208104
0.4358243336769434	-0.4824501860353594
0.4253340738190593	-0.4154676839438888
0.4182020404914689	-0.3572331504433312
0.4133198623260777	-0.3083246579421745
0.4090771079174793	-0.2684197758153369
0.4055131688607082	-0.2330717267727743
0.3955676721053690	-0.2111470204945102
0.3874364363848887	-0.1885758518337738
0.3818410001635728	-0.1671924154404284
0.3641178958766887	-0.1334664854871736
0.3463940313919692	-0.0938683379915178
0.3975803755512643	-0.1126966860571765
0.3689494456159018	-0.0980246596501495
0.3607591231627434	-0.0897648255808007
0.3537713815400517	-0.0775019326132523
0.3499112631208965	-0.0697245114823568
0.3466174832476898	-0.0611934540082281
0.3430802188074181	-0.0556020468216185
0.3404162900557473	-0.0494453044980608
0.3380791586152069	-0.0443333987005848
0.3363683502608554	-0.0408425508622934
0.3322733545205272	-0.0360605278145739
0.3314846840562523	-0.0311559963666267
0.3369312667654344	-0.0314286135573749
0.2475209002121875	-0.1084434388758560
0.3226574059099052	-0.0224518875652965
0.3206299431679491	-0.0233648523793740
0.3235775656292190	-0.0247122746483133
0.3225401198229516	-0.0201725255046332
0.3221293821982764	-0.0205069691542680
0.3204321271002229	-0.0190391458553500
0.3201145514863684	-0.0186984243801433
0.3172031274229689	-0.0178086737542891
0.3156041300412120	-0.0155722304666126
0.3150216349443499	-0.0165250730571976
0.3133986485466616	-0.0149282578933305
0.3112883035990460	-0.0115774546401211
0.3120269355668917	-0.0146103008828899
0.3073385888771892	-0.0178986421412175
0.3080695290085425	-0.0087820018782899
0.3073558854011664	-0.0124917810823590
0.3048572247110006	-0.0133634390779230
0.3079175241340251	-0.0144322659723494
0.3033259550081251	-0.0157721933825956
0.3030453863207389	-0.0132375713905762
0.3127024245890378	-0.0164052769278106
0.2923986602041139	-0.0306730489612783
0.3157937331229977	-0.0223421605180988
0.3007602123138800	-0.0030431264949307
0.3136627760870794	-0.0106437717838567
0.2826309845390314	-0.0206671586041407
0.2708191672782135	-0.0254783240996745
0.7030008079490110	-0.0631783585789549
0.3284929874296927	0.0104724694457584
0.2695059082711725	0.0090091980530786
0.2849503391718397	-0.0083207223848115
0.2906109519978908	0.0063903265015528
0.2562760719058013	-0.0036577922592981
0.3045501323317257	0.0175978574368381
0.3245920816189162	-0.0260334019658449
0.2527553230123501	0.0988933501454659
0.3388012053411121	0.0359451504281086
0.2809482319942404	-0.0003239916113974
0.3594652046281784	0.0141764078811856
0.3324219820364165	0.0547293952383821
0.1729530645395853	-0.1020418393898951
0.3771159219655452	-0.1288076755563297
0.4839267157609159	0.0816703392603591
0.4194565630653138	0.2262711657829569
0.3482135957379907	0.1388072618010398
0.4486355067997104	0.3039680646717766
0.5164115229566425	0.5580315740243440
0.6354724957999234	0.1116067370268578
0.4602896711468839	0.1928123845561457
0.6403859362314338	-0.0559147717114101
0.4147182768182194	0.4494495761726169
0.4788275355597133	-0.2374737030457902
0.5131893110388597	-0.0631455816531008
0.2638135923642655	0.0072221809338531
