10.5759746578519210	29.3961771949244550
26.0634539331819430	-1.8907439830129995
2.7861213893604728	20.9588143500531350
15.2968931604637820	32.8736141019182210
30.3281793784404630	36.4264334897024330
42.3973221076002670	33.7155995898421990
-0.4090384939141106	0.5212900310227423
18.4106031294350210	-14.0643052658097890
53.7055745103073510	-26.2636864507157670
48.1153775337751450	-44.0314709461034890
55.5902759491482070	-16.9501664028397410
65.0689187727705020	30.9431420462026420
60.7347712416358410	76.6510566061396900
13.0962964324354160	140.7989167241137500
74.9973302079587680	42.9713654666216630
98.7052188861844120	-17.3482066548085460
7.6701038113777367	21.8043467506761000
10.5933086401900010	6.2067485241801990
7.0773080747859174	-6.8516275465305503
3.2120570776664787	-2.3261721389398078
14.9829250388197030	1.0908215907793040
6.0223807425778686	-15.1707940220771780
3.4044905613057219	1.0612686942944436
0.2951732624136801	-2.7368975373310578
0.3728146072990089	4.8682063996605933
7.5486913780030642	0.3662072055442835
-0.6835831583331465	0.3849423542396717
-0.6335546219095174	0.3639672023367273
-0.5954920238945988	0.3020602447453414
-0.5970144718458408	0.2710570333613874
-0.5875374224504270	0.2377429801551591
-0.5567231236171782	0.1923779730486010
-0.5849351547804337	0.1751445054170095
-0.5635439339565153	0.1592012886520179
-0.5553213638394331	0.1433527941960800
-0.5505423527812384	0.1245872700271919
-0.5403906258426053	0.1181356805644169
-0.5395859912980959	0.0979923620270349
-0.5358445123165924	0.0874992440422712
-0.5323861891429312	0.0785463206246079
-0.5292691283198610	0.0704717840133747
-0.5262042924733185	0.0630765804490680
-0.5230398192549943	0.0576614990747912
-0.5221441400077810	0.0503945695746268
-0.5180839798972481	0.0482259095976424
-0.5150418422822390	0.0446296959151543
-0.5130328079319954	0.0413589705407092
-0.5107574634164218	0.0386272304982402
-0.5073350143310756	0.0344213991732199
-0.5049467005356604	0.0320011471912521
-0.5032329347700589	0.0301437236775696
-0.5019624083667993	0.0290647441911301
-0.4997166228117956	0.0261092537365180
-0.4977744625392488	0.0249108086883232
-0.4962194288683777	0.0249618323876316
-0.4939711063553904	0.0249948251215229
-0.4917328963560985	0.0243452263372415
-0.4902957597072628	0.0245208129946378
-0.4884024530641736	0.0239125355141617
-0.4863999052176970	0.0230866061385053
-0.4842795924345004	0.0221943882071862
-0.4812512680247374	0.0224959248255638
-0.4802357682307848	0.0198886312645677
-0.4770541154289589	0.0191499990510204
-0.4754421564506443	0.0192843498938428
-0.4733192375781649	0.0185383349537392
-0.4740527396559465	0.0204840639607917
-0.4717005879391008	0.0197955114622031
-0.4696143987873915	0.0177244494932913
-0.4652657833739382	0.0171419318420136
-0.4652390145176148	0.0179655910895793
-0.1271429745726584	0.4455704712686586
0.3823020549685518	-0.2814837572267316
0.4659695124561119	0.2615156472908706
0.3914918615875193	0.2520224472188119
-0.1343394510433461	0.4532139018995849
-0.4538384222655522	0.0175394377349737
-0.1264236497743537	0.4409898700538021
-0.4471306746298101	0.0083102782462888
-0.4530126305763629	0.0137471047153655
-0.4534066571779537	0.0206241025209457
-0.4496540329770135	0.0206823091369645
5.8644685443023672	4.3601876218245064
-0.4470330577940462	0.0121093549571898
-0.4474373547847979	0.0143527384943962
-0.4373553906404032	0.0148235589012909
-0.2149905220131642	0.3899046968214138
0.1581890130379219	0.4186715773649108
-0.4315908108428693	0.0775155759188372
-0.1779838259003683	0.3996714631696724
-0.1186869238591074	0.4192824175279022
-0.1232527768784736	0.4184221775660730
-0.4373964856933033	0.0144264758909216
-0.4305410567932286	0.0096137078120972
-0.1201415616741080	0.4166989324042668
-0.1184761004001073	0.4133343892140470
-0.1200032485187582	0.4163146079917899
0.3546087742426277	0.2419309446790247
0.3438552310635499	0.2449941280859593
-0.4179596451958397	0.0326648799139919
