3.7633606510940232	1.6982416753942240
7.0848321909732741	2.0526557965897072
9.2474070187735968	-0.4136228558082705
2.2691015246737631	-1.8919429133382313
0.7827859324902420	-0.1671965014514126
13.6446310450595850	-3.7625841485956264
2.6033241888011078	-12.6730041031015490
-2.6611486859060105	-16.2276638600010410
-0.7884445698709333	-13.8561917715643140
5.5061321682975750	-12.7029942619165900
-9.5508889062231592	-10.7673819061436080
8.4335428022436538	-3.2072586628806432
1.3615252079036420	-11.5874849803582110
3.1162717233673329	-8.6093909118544296
8.2411766428285116	-1.7718843625953411
6.4670346862043990	1.1090301258879884
5.2524135561209349	-2.8330996152914336
4.3560642251854356	-1.3250864800261000
3.1519023247126832	-2.6644292988389138
3.0280682340011911	-0.2430834165071512
1.5754363999231176	-1.7863640781184735
1.3597302471885235	1.9423383928015376
2.2698786969521660	0.6934144469139976
1.2985627912253745	-0.2453309784625969
1.1360490949462430	2.3284555187558351
-0.5101295182828467	-1.8360901641489122
0.6834248896504539	-1.4702244615036348
1.5643377317163403	-0.2836949703764238
1.4564289639563921	-2.0938451748241058
1.6971366889149027	-1.5520743913131461
1.2401615872068961	-1.9650814740560218
0.9751249418785883	-0.7803485932658267
2.1114069106595745	-2.8235255691706915
-0.1043130497179751	-3.6926039897684397
8.5163137952059174	-1.9428524968017051
0.2635546656522540	1.4097309106711990
1.5584261995921167	-2.5258998413159000
1.4993508708189625	0.6841127875212496
0.5957400713502288	1.2125731668714943
0.8868104413772405	1.5071698732909655
1.6128645235420167	-0.5781259444007476
2.5973750419493751	0.0949804379317596
0.7689330032523067	2.7319936040699440
1.0518573942022711	4.0532558984175004
7.8960734613697419	-12.2342488613899470
13.2343668065887300	11.4224735078071010
21.3394708989625880	-9.2313749480814522
23.0802575587998890	13.3002880148460550
50.3309388696561510	14.4258800049863660
35.6832452517731300	-0.7396236668502653
-3.7941555698904543	24.5065333720817090
8.0880832993732632	-15.5499398986460480
37.1156741642943260	-12.2767893000620540
38.6191435731103070	-3.8462148538247800
16.2332460686086580	-13.0374852397684630
30.5705402538766220	-29.9668976176672000
53.7306467849851970	-18.1333598059932580
78.5630467365532890	7.0290692210536214
55.0136787699857020	7.3748460350888889
44.5570483572547290	-20.4109781683317240
76.2563110478302950	4.8856188074919276
45.1388803673164530	102.8154689170347900
47.8571267970523950	125.1325783820771800
38.1815573245972710	-26.6580970245354830
111.9360168913680600	-80.9539279755959880
179.1785541189942400	-101.4920972537707800
320.7216922118342900	-199.0517385780150300
107.8402005857028200	-75.6125009436945700
70.0890574922192970	109.2562207200829900
462.2693799677906600	-313.2676691635723500
147.0959169656413800	-222.8850512374198400
-22.7489910501589530	570.6253299715199300
344.6996481611127500	507.2731722569254200
515.9213775217297100	-179.4701512529925100
1591.2434072209039000	384.7841290164394100
350.7668831042465200	723.8139275294831800
755.1554432516156800	893.3044761283187000
212.5179176557575700	999.3080507944559900
2131.2388327776998000	-454.1823692860509100
2282.8099906901793000	692.6104489234568300
4794.8368500902579000	2132.1398329796234000
2839.6582111003108000	-2278.3058181925016000
7246.2608354190461000	-592.8678467581879700
3259.2598082173072000	-1416.2722309812123000
4582.6488655397516000	-1557.4324182277910000
1376.4147856070413000	-2574.3882229119063000
3048.2606585891758000	-2757.3716069927668000
2992.9813466739133000	3142.4191578892046000
8392.3180218192501000	1928.3476832470610000
4092.7415004108507000	-3742.6870601979035000
2243.0190688916109000	880.3003752530651100
1526.6280202933717000	-1536.7185261029308000
1714.2003534842634000	-2665.0973446926841000
2029.4698038355896000	1031.5410907507851000
1892.4772717209139000	-1987.5859405624367000
-1779.4885442268030000	1310.0353300879285000
1569.7811714081954000	1662.0842106567743000
2247.6007070656151000	269.4970271519407600
2416.2712851122396000	254.9557613079179800
-77.0005103842399310	3059.7059322153364000
