20.6550008806808840	4.4864326335812743
17.7312058613227710	-2.0955462279130064
13.7868843709705950	-6.5310865141134800
7.4186718727794290	-6.2427346868774682
6.0193908784245567	-5.1400623485314503
4.2825179424199469	-4.9142719154935479
2.9785061817855056	-3.9005750473387093
2.4819727932379578	-3.4925055347686400
1.7745321026539855	-3.1724005846661631
1.3705399378483432	-2.9100347860376696
1.1974051595613393	-2.4328217805819410
0.8827899708178737	-2.0636806682105591
0.7802800991892238	-1.8212795876090129
0.6890089826302958	-1.5706248298818202
0.6040455125001540	-1.3460394044486825
0.5284407373583714	-1.1655204642937425
0.5480520448491804	-1.0016418483824485
0.5180557004833127	-0.8643176635392296
0.4899514025690009	-0.7494631682103706
0.7111599542288984	-0.4267226668177379
-0.8161792759059063	-5.7840669204603694
2.4594010223260119	-3.7757274040825899
-0.6958791116975804	-1.2135827696875812
1.6970468869802922	-0.0921295676591776
0.9371408570499439	-1.2783045292472954
7.5675902862864790	-0.2699500140583911
0.4271417850377442	-0.2505496655043236
0.2858332210773578	-0.2061095471309176
0.2793297723584653	-0.1871497143242414
0.2944276700588890	-0.1648164892697877
0.2698228002401726	-0.1296078224314189
0.2544073134970050	-0.0945309763523741
0.3016825764592360	-0.1142244417741597
0.2790656152706001	-0.1082787625923807
0.2661156297677124	-0.0909515750737516
0.2610539918748803	-0.0800335598350288
0.2602582942169749	-0.0798283680041225
0.2540952101048130	-0.0633108162633323
0.2508618540913295	-0.0560686087056579
0.2470720436082770	-0.0506890071479565
0.2442492063884103	-0.0459070349742017
0.2405848871539688	-0.0410691731445171
0.2368317459929082	-0.0371750167827603
0.2347267970738548	-0.0959068452007248
0.2277642941495895	-0.0337551820483370
0.2178679293188876	-0.0327531395387856
0.2079789987969410	-0.0256258004949224
0.2041575972268642	-0.0332666639145685
0.1996676815019000	-0.0233692610655013
0.1986237815929901	-0.0267145053459217
0.1964218051028211	-0.0250927530284609
0.1980188137755202	-0.0251443574287010
0.1989656485552252	-0.0227263926080060
0.1969860199057480	-0.0186935202188355
0.1975244735799610	-0.0196020992163182
0.1908518887457293	-0.0140605908090296
0.1946667477006197	-0.0170601234646969
0.1876191399784696	-0.0196938149697059
0.1873512665950626	-0.0263046660078745
0.1864693472995014	-0.0082252833803027
0.1839104755250383	-0.0126838951187572
0.1825703707275099	-0.0076803355747402
0.1818490807936208	0.0036301078918850
0.1818177222016781	-0.0134705246428123
0.1998701241920209	-0.0115914557426481
0.1893293566860733	-0.0087771686292304
0.1822593699427030	-0.0092047456908563
0.1759346412708755	0.0023646898847444
0.1762677904421292	-0.0087963220903023
0.1887894589698876	-0.0087677347914300
0.1890422887381353	-0.0216576138395689
0.1809648454040383	-0.0088684800910336
0.1787441352553541	-0.0118869279533653
0.2913010054140593	0.1141455493301417
0.1795574268500660	-0.0864259641497533
0.1856620802792634	0.0066426949347406
0.1952421533595276	-0.0051283706474085
0.1546862541647814	-0.0130146546699807
0.2112620539104887	0.0409350729565295
0.1756581635514939	-0.0757967479175251
0.2050387347263228	-0.0329160479780473
0.1812660324180915	-0.0290175750605550
0.1777228969193082	0.1005653870837235
0.2389939483829072	-0.0570089496133697
0.1935035083324633	0.0145484872557150
0.1913927939088841	0.0391119485194363
0.1706100894142772	-0.0019936184436516
0.2606845156425311	0.2014775463324060
0.4054777352279406	-0.1031448440261155
0.6015735713553638	0.0037845829536146
0.5197757824382625	-0.0360072581592936
0.2279167641710649	0.5256065957981957
0.6303757942884007	0.1664149504959690
0.5553035581091398	0.3069996611759772
0.6207318741998066	-0.1548009178616710
0.5909693763375724	0.4052077726932634
0.5271636011280380	-0.2030448265971008
0.6350628183765311	-0.2550752074786116
0.6058711252352612	0.1830181397657689
0.2967146659918720	-0.2746906848740327
