26.7976135952135510	3.3063847608792289
18.5127254315354750	-3.0615846084373164
10.4812227699098910	-4.4671179637022034
8.0281827101906469	-5.0473401322921232
6.9542635238570218	-6.6129005036044566
4.5361898652463264	-4.7031192543527665
2.3681506188299029	-4.1513996638806221
2.4113152743301307	-3.4805653485797134
1.7968039255319987	-3.2743555029993447
1.5928848427647282	-2.7456222311266236
1.1936186028219489	-2.4247184215192572
0.9036508628344702	-2.0031894683251719
0.8706321037475444	-1.8063039133365462
0.7505808540919844	-1.5601239530609290
0.6828724657043802	-1.3423476445265656
0.6315119428661999	-1.1411505042476131
0.5956082461148169	-0.9913747703734835
0.5666439564726701	-0.8594082468161455
0.5398941140444331	-0.7452068407735374
0.4947078038892926	-0.6694074488574505
0.8119581881082703	-1.1431474140648812
-1.2110920215121230	-2.4419865881987350
1.3328276055534722	-2.4597555984620652
2.2354095841793038	-0.6584896341657265
0.5441965030908681	-1.7658213158451228
2.4258321074957641	-2.5835408535213875
4.8397875541934008	3.1989711992463445
0.7421920880977008	-0.2852665312893014
0.4109555662473949	-0.1890179809635869
0.3726747063676512	-0.1855319961398574
0.3926302675055840	-0.1346163748070934
0.3538969730927218	-0.0843727511690446
0.4047101213272452	-0.1168891146375167
0.3936889296308411	-0.1135920793222109
0.3724069131734234	-0.0902730797261453
0.3700938776829513	-0.0800145064953764
0.3637919816508804	-0.0733692937691760
0.3635723420773540	-0.0615370748260355
0.3601670214835462	-0.0546836811841762
0.3561384910325240	-0.0489664434539684
0.3541464404806205	-0.0441384324376134
0.3521593883126222	-0.0398464808857694
0.3504036582650523	-0.0346527261469545
0.3487903912309636	-0.0278773836478705
0.4192051510704480	-0.1778306114864104
0.3468002027303631	-0.0292511086007640
0.3448002340676839	-0.0262971773608294
0.3441176442239852	-0.0254330372184355
0.3441065879719278	-0.0229413054394488
0.3408670862647593	-0.0219725446945263
0.3396258001134204	-0.0210933885801931
0.3378812486810351	-0.0199346942968318
0.3370529233813608	-0.0193543637786700
0.3348450679245341	-0.0182605599338041
0.3339417067177969	-0.0161354485901384
0.3333138240743074	-0.0163033062130320
0.3305123826488168	-0.0148405082150394
0.3304572184722664	-0.0123320418471737
0.3281579574245273	-0.0182796016659572
0.3263661830304862	-0.0093265616037589
0.3302495133500141	-0.0104308505192633
0.3258662093098422	-0.0121879977227353
0.3232150023635369	-0.0140647542125580
0.3212051879147098	-0.0135444088274719
0.3177327055298566	-0.0109313187220577
0.3198655759455404	-0.0132722649577461
0.2998137706631147	-0.0160062041209964
0.3310558738558657	-0.0092847797815751
0.3262819449641276	-0.0266688180543577
0.3165646567460794	-0.0081235019494467
0.3342593884367060	-0.0154174693815509
0.3126137739385170	0.0010912597133695
0.3206810559690239	-0.0404666724944914
0.3660434520287099	-0.0967610081520573
0.3295433895923277	0.0043422985095379
0.2760709534818527	-0.0099737272570300
0.3052208050571714	-0.0176134746769704
0.3333563747472341	0.0091932414718399
0.3143594327777864	-0.0234527900324115
0.3372567756268636	0.0108035724041428
0.2855601591036401	-0.0298243844841489
0.2877845654704429	-0.0020289349466448
0.3652550908181309	0.0250687256535164
0.3139276165956391	-0.0506890419027154
0.3879790320651252	0.1253531306869012
0.4229093982360358	0.0031238542452328
0.3303615451236212	-0.0608012840143769
0.1861470366061530	-0.4142794280450074
0.7939996825224613	-0.6159960451727635
0.7248160879654146	0.3179310010155609
0.7104197324141064	-0.4484906294217788
1.1220190952881861	0.1138548084407095
0.9722224163397528	-0.0593567717051630
1.2082816357903277	-0.4893376398609242
0.6923896211110497	0.5790743352139981
1.0218535624877443	-0.0622683608407434
1.0002668036841824	-0.3907841605092846
1.0270272979794413	-0.0880713490364418
1.8638919686644446	1.4831436299610008
0.0477292791725706	0.5760428851090687
