60.0905910147127860	57.8249584234475980
85.3797264261651210	31.4147754456911840
79.8946137500753510	59.8128222215488420
132.0866808791805900	-30.1636301638301600
123.9657857680399800	-88.3589963499337330
141.8465050042766200	-72.3910269417002040
145.1085292822796500	-57.5878795859605650
184.0692348359946200	-16.8164628209091130
163.8527452312061700	36.2873831632992960
261.8605136794375900	-28.6513663565761330
246.9345581161611600	176.9818440194454200
236.0865093717190200	99.4229000292489930
70.1741551355151640	311.7892125061635500
125.5397819075814100	331.4881473039303600
94.8696171534052160	417.1662409252892900
329.5327939531475700	952.2114949465618600
540.2224623946833600	1168.0971352300107000
652.6281713348890900	1286.9688816911669000
760.6755505943224300	1376.1128320258088000
859.4542184937180300	1475.1802018172427000
947.9309289871249600	1596.2385645014729000
1027.1644045866176000	1726.4979955663550000
1096.2964517734488000	1878.8262283179392000
1145.3183176208499000	2081.8688026678974000
1199.5180525314679000	2297.1263906216682000
1241.0343553767782000	2570.5320616279801000
1279.7724286023288000	2900.6036207979473000
1340.4596604347068000	3300.0126495291756000
1467.7601209513725000	3676.8200679137080000
1583.9709799152924000	3919.9703802834847000
0.0069183716370342	0.0014747027926499
-0.0005352031290736	0.0009075582020338
-0.0004676477632107	0.0008769887753803
-0.0004588693085365	0.0008204150014374
0.0006028824177943	0.0009209711879626
0.0002962940887399	0.0014695323563855
0.0001189599467556	0.0010339578717003
0.0006870745730146	0.0011818932318296
-0.0022276878527079	0.0073551034831609
0.0000320872996899	0.0004284253306752
0.0007725406946021	0.0005387508586141
0.0001477645184586	0.0002016470191727
0.0000513145021347	0.0001016791422410
0.0001650976240436	0.0003730264893403
0.0006798942870549	0.0004061613353661
-0.0004384016916896	0.0012274676426081
0.0008189646539096	-0.0001155351708309
0.0009268357734383	0.0003275599687624
0.0007282739467272	-0.0003827818617154
0.0000476095322458	-0.0000054389090083
0.0005166624931990	-0.0004062645280351
0.0006742843935225	-0.0004622679543247
0.0002838688081286	-0.0007899996920375
0.0001784813865367	-0.0003560670648989
0.0002304777638262	0.0000406516809836
0.0006161438304596	0.0001557354536437
0.0004928926140901	0.0005091172087154
0.0067105030138196	-0.0094263023324271
0.0004482325153597	-0.0002002523719277
0.0002105825546869	-0.0002534350677121
0.0009730667618168	0.0004446830906881
0.0006833037269696	-0.0002434818866212
0.0005375734256220	-0.0007587619858154
0.0017960228510228	-0.0016799703513748
0.0007055539072393	-0.0012093490409499
0.0036011198307340	0.0000232819313967
0.0029895001642703	-0.0038592575924666
0.0027037617764200	-0.0030631994915754
-0.0003420931050696	0.0049705472250882
0.0057480737884929	-0.0027632162513129
0.0076807084184579	0.0088939205870776
0.0101205638084461	-0.0077205247409804
0.0017944863761726	0.0074293311519117
0.0096966368707978	-0.0029737220349537
0.0056414354050270	0.0125688733446831
0.0160771057777156	0.0002834309514860
-0.0009210139407803	-0.0188723231756363
0.0181673016504016	-0.0055757280229373
0.0218287390365279	0.0211444338378431
0.0325035104816604	0.0007604874941364
0.0208426285432924	0.0567009478237048
0.0482092242017722	0.0392025111580332
0.0743532510056671	-0.0022949038312593
0.0695290037560107	0.0315709021071074
0.0169548535479961	-0.0813845452645849
0.0552744303771609	0.0506648947742605
0.0971550204005311	0.0174958840580104
0.2246199505682754	0.1333712437320943
0.1839940247644241	0.0675929172987866
0.0672980512647686	-0.1352091536994496
0.0824372293410747	0.1846091182946058
0.3004151652894412	0.0671596133025479
0.1312114267220893	0.3737177818330009
0.0492028757660632	0.3348236248915072
0.3754749805410626	0.3324050287948047
0.4029400719552598	-0.1413862062177458
-0.0036344633619878	-0.5723781995185333
0.2181950846101829	-0.4962391978025133
0.3898601859516643	0.1450850469960165
0.3331727463778441	0.1942647970257631
