2.5769759609457972	0.9005044195622425
4.4294117630463221	0.4981825019835991
6.2423287662697913	-1.6711558774247968
2.9281325267499008	-4.8252179257868066
2.9918083442770218	-5.4107578533121270
0.5006150067527260	-6.5346184771656608
0.6346376624236764	-7.2458578567156513
3.0092306211498716	-10.9622872559130840
0.2849380020050931	-8.9260241888385767
-3.9267176298753945	-8.5619718452143978
5.0268335662455668	-11.4477046992740870
-3.4025024889023006	-6.4378830307080506
2.6502218178437160	-13.1672292077422220
2.6412684657914252	-7.6646558051511393
8.1998648855853613	6.1015550966301726
-0.2914574644944979	-9.7367967430685720
5.6638915511662251	-0.1195012580565443
5.1369143943101561	-3.0664996142872512
8.1570523740546719	0.5512109854301615
3.8174087164486177	-0.9576992171143550
4.3575873585502958	-1.6684140471473352
0.6157779436855985	0.0591429848740261
0.0285704356573365	-0.0604271433907667
3.2380298971909398	6.7405843018044829
0.3288484201549797	-0.0731880539189712
1.7062151131284937	-0.3621345610303963
1.7545753586417909	-0.4864575064332719
1.7315772504151687	-1.0216137468159359
1.2264506066888421	-1.8333643161233437
0.7586048228635153	-2.7635008584573466
2.6159467850631941	-4.2083176271720806
0.7993182467047031	-1.2072836550081623
0.5198690605924532	-0.5600461026826272
0.3113418385815834	-0.3059203695249865
0.1845088585304853	-0.1944617921726458
0.1103622284500179	-0.1382320631425111
0.0662232670189551	-0.1041230297557246
0.0389421680165020	-0.0801582311976629
0.0267492416162399	-0.0730798533809879
0.0111580666132000	-0.0484060829157796
0.0044581219107176	-0.0365127443222076
0.0004181043791963	-0.0273601372184250
-0.0014221668854314	-0.0201524343922402
-0.0023516816708675	-0.0147420035783514
-0.0023342315355638	-0.0111237127228205
-0.0019616878597294	-0.0091550196894978
0.0334531440450740	-0.0071599577861770
0.0307537201539885	-0.0071121943221501
0.0376057344286137	-0.0080813552330172
0.0456834150827525	-0.0084281569426777
0.0517089605860769	-0.0092781776632093
0.0572545025774617	-0.0096493897903237
0.0610017278559536	-0.0101603229154589
0.0643356326081826	-0.0109034296363991
0.0673459785052885	-0.0111222271073877
0.0697153847538760	-0.0106667867843569
0.0706548807453962	-0.0112514277070095
0.0728857111508780	-0.0096654804840780
0.0742498285061704	-0.0103648438881952
0.0761588269658331	-0.0091969036368264
0.0818008392432238	-0.0065391758019439
0.0887124288392213	-0.0047652639221554
0.0984364207027649	-0.0023953254025525
0.1086859149376796	0.0008059813711407
0.1176416893974984	0.0021717145951625
0.1296406805382838	0.0040291572965808
0.1407537908460489	0.0049462042144440
0.1481029103633925	0.0036811521261228
0.1606078876249077	0.0016952759977357
0.1694853051193742	0.0000240490836343
0.1804099090463426	-0.0041069740701767
0.1938586151318407	-0.0079230779238033
0.2189357195358189	-0.0128229763850936
0.2262911599262737	-0.0173278102151914
0.2298537505913062	-0.0211534764316588
0.2261712230836705	-0.0239616048804938
0.2377430242232444	-0.0293781595182180
0.2574184157467091	-0.0350499631000980
0.2536335202978239	-0.0372718769303584
0.2475448305294800	-0.0380625272352992
0.2546736954547008	-0.0415242824985965
0.2591572671051460	-0.0442858033720809
0.2709358701098398	-0.0488390769702280
0.2737612466189490	-0.0506500871571739
0.2892009637882446	-0.0573427466662301
0.3055949692506287	-0.0625215154017375
0.3037449996734312	-0.0619930125087569
0.3066057763182361	-0.0647194192332179
0.3124936525966209	-0.0659002686019430
0.3297648724530874	-0.0722791689587755
0.3494417803981487	-0.0788136636949146
0.3499880726929089	-0.0793143538177534
0.3445280552740133	-0.0765848040129103
0.3192107362082642	-0.0686045064739691
0.3593851559890705	-0.0821953739701155
0.3397282154895335	-0.0758842553113401
0.2936627693388783	-0.0624631011220143
0.2298029263127189	-0.1380992124747087
0.3230261792644691	-0.2143079164220131
0.3278949792896849	-0.2137010840027829
