10.9282197754658550	2.6303849088226867
6.9501099599441289	-6.1642138429997830
11.9007051058702760	5.0212538673035008
5.8989403657240569	-6.5442840834270468
10.4494150016549840	-6.5824404027906827
14.9760723935456370	-27.4288136163366540
12.2361690991270620	-23.1150503596861800
9.0424915835954192	-0.6511562907872696
3.8133907095711375	-11.4125936848685590
12.8135904837868250	-12.0264430096198950
11.6463422768121210	-17.5377520471299630
7.5462292478143311	5.3568808415469240
5.4497012005282803	0.6428644226655350
1.1789888311500103	0.6801771866537414
-6.5879925077908164	-6.4801840117985945
4.2592339109500044	-0.6560113468418334
-4.0794858758945169	-7.9756437099594546
-0.0108271299610692	-0.0779160803356780
-0.0189312575982249	-0.0124090797231483
-0.0194370941048394	-0.0037591587420250
-0.0173527947741397	0.0041128177926424
-0.0171717839958940	0.0049028994005959
-0.0159020009029257	0.0079460922009614
-0.0134488557320896	0.0091454381545498
-0.0125558490326970	0.0101129919329353
-0.0102471335754497	0.0105062003176528
-0.0080564524890031	0.0098621361767719
-0.0065588596334545	0.0099206171370839
-0.0046196611093399	0.0081271493720922
-0.0035315586054522	0.0073743681297523
-0.0040668877293128	0.0059051920376049
-0.0022510690573887	0.0057823277809323
-0.0019423941995578	0.0048657997214072
-0.0016535727370082	0.0042065224270479
-0.0012663187436692	0.0037418416396650
-0.0010347961024304	0.0032268028577345
-0.0007304892264437	0.0028012605767478
-0.0006388963497416	0.0023949158605308
-0.0005268237150115	0.0020561765053133
-0.0004077724333677	0.0018068183516121
-0.0002943524801788	0.0015605154861425
-0.0002076300010543	0.0014126257545982
-0.0001321258734019	0.0012648079356692
-0.0001177512143375	0.0011350117883774
-0.0000469514708450	0.0009833612019973
-0.0000031319720696	0.0009044918092166
-0.0000453865777349	0.0007614416438396
-0.0000308098305274	0.0006786332210478
0.0000414933845509	0.0005859710057954
0.0000686041713232	0.0005389286431169
0.0000406185992970	0.0004264292355797
0.0001084907395820	0.0004006162099824
0.0001279452202061	0.0003531205749251
0.0001308475417431	0.0002756270944492
0.0001707407948539	0.0002706847639550
0.0001730245474385	0.0002048965327248
0.0001231567716927	0.0001578943607420
0.0001386214755163	0.0001272035849779
0.0001073184007280	0.0000668022733960
0.0001162782964094	-0.0000463939604697
0.0001426748847813	-0.0000352919356554
0.0001573551242372	0.0000031865856576
0.0000550765414459	-0.0000602976614566
0.0000789682467703	-0.0000430723881174
0.0000010588284089	-0.0000629621192331
0.0001130876098510	-0.0000896483519680
0.0000424801676446	-0.0001013230431678
-0.0000043579383533	-0.0000827888225987
-0.0000256172265221	-0.0000852996675208
-0.0000730556135010	-0.0000567369511468
0.0000654977672191	-0.0000179037743446
-0.0000772685124817	-0.0000604764286257
0.0000321135037695	-0.0000724120015855
0.0000254473171474	-0.0000800990936135
0.0000523421538310	-0.0000840452265816
0.0000353277933594	-0.0000948558836280
0.0000409957145608	-0.0000062546095127
0.0001001663312496	-0.0000813014579680
0.0000942900499576	0.0000580847243409
0.0001096639303014	0.0000955081967054
0.0000117110437144	-0.0000938581508574
0.0001018766425745	-0.0001137445212315
0.0000895779956118	-0.0000253341421382
0.0001019743223290	-0.0000503426658882
0.0000735488783604	0.0000401186654113
0.0001034895046130	-0.0000664535260247
0.0000591187162782	0.0000723232662276
0.0000280969379493	-0.0000499882581024
-0.0000053553664567	0.0000821883771975
0.0000753457641914	-0.0000608316835567
0.0001019926873682	-0.0000537805703937
-0.0000110061447501	0.0000972731067877
-0.0000164023968759	0.0000777561436932
-0.0000773628479630	0.0000169574939110
0.0000564389498667	-0.0000264930606645
-0.0000077683241386	0.0000661276709446
0.0000494628702488	-0.0000893745812431
-0.0000352196320452	0.0000560580713731
-0.0000677867687662	0.0000081965619359
0.0000976069308091	-0.0002242849182741
