23.4952243388726250	3.1989257260115669
19.4637281404282160	-1.2856499966572015
13.6859949367530650	-5.9773621987799501
8.5963521495570170	-5.9946198454853885
6.6262087536280943	-5.5028176626503598
4.1959700259532564	-5.1780943129389287
2.6799184315925930	-4.4540951675626292
2.1828736296457345	-3.8767451002308944
1.7736348094565471	-3.2444161589026144
1.3746782428943374	-2.8935070264588707
1.1803703941783852	-2.4535218814295283
1.1955109232676471	-2.0843070274734568
0.7862457850361534	-1.8393390316985494
0.7026027309193078	-1.5668612907290420
0.6536148863983872	-1.3517348401772229
0.5796656761515894	-1.1698654044086607
0.5458741198521596	-0.9982658234126233
0.5177935784286569	-0.8608223629587326
0.4895246219193809	-0.7467014859649137
0.4719732339576626	-0.6454978212931308
0.4541011504877391	-0.5583187875091179
0.4389926690901194	-0.4817176825833821
0.4294852491324653	-0.4164165798494742
0.4211644105383493	-0.3558737231495476
0.4171151178308269	-0.3094683625857609
0.1491611313504675	-0.4261479997029150
-0.1844922442310705	2.0188282492460941
0.4375494380959419	-0.2287269479434576
0.3847730502388320	-0.1882148873093069
0.3726137851597507	-0.1596076145110743
0.3750065671478943	-0.1377676805705944
0.3464381934214358	-0.0859292025686596
0.4060189493906311	-0.1166881517234776
0.3742207381918966	-0.1058970601880197
0.3649616246273381	-0.0923933888408620
0.3601426353109319	-0.0805848052838314
0.3552289286628914	-0.0689183086898034
0.3526536015824993	-0.0626428154665950
0.3482088446236992	-0.0546383247401957
0.3455604444181634	-0.0483010423291273
0.3437558966791773	-0.0437210487234465
0.3417487870185151	-0.0396936478216172
0.3441733188566248	-0.0127899182891533
0.2939935240159625	0.1186082099003197
0.2458441306818191	-0.2024153642150332
0.3283705315601753	-0.0251004028922538
0.3313585736978905	-0.0323819518587023
0.3350847947433601	-0.0285862955416885
0.3302876329702483	-0.0311396921072355
0.3277469083244780	-0.0266736142643605
0.3262062314974958	-0.0257294605728470
0.3271148592222232	-0.0226481189160778
0.3227754563576257	-0.0167527369355138
0.3237126458170131	-0.0180303903940248
0.3227932444353906	-0.0141360404486834
0.3217765266041791	-0.0163243075500413
0.3213325946550272	-0.0161155059447420
0.3160116703023350	-0.0134113652262845
0.3153569169879095	-0.0125429661827711
0.3133805988291727	-0.0146971863684070
0.3148972417923035	-0.0097283197703827
0.3118262993699801	-0.0124437069056617
0.3134273721165280	-0.0126242559655245
0.3122116134812328	-0.0106253854386018
0.3089048351211213	-0.0142605433763836
0.3129474395519820	-0.0084461635382495
0.3056372753179061	-0.0250961280888268
0.3059428493809032	0.0058972952625736
0.2923249035255882	0.0055120767040059
0.2921325326445386	-0.0034209085364106
0.2937051489545356	0.0043811163585197
0.3211021951222753	-0.0142016836165991
0.2786501622505932	0.0111369338936541
0.8422003603355550	0.3701278687568522
0.3120314446700744	0.0069823101000245
0.2863576355280930	0.0132373241003317
0.2807964245523005	-0.0396748670535692
0.2860757336172680	-0.0320160393451318
0.2979822127212841	0.0081275186797063
0.3069188863541473	-0.0011909856874067
0.3142405689871877	-0.0493979197567151
0.3470148145658855	-0.0292521449766359
0.3007638437207332	-0.0482789696699812
0.4393894865239479	0.0711354510932751
0.1736017134881399	-0.0503665695751582
0.3725092710739129	-0.2414795009668501
0.2607653040164139	-0.1766358704727680
0.4590373144344294	-0.0952625060900219
0.2938860738589365	0.0192467811887655
0.2773031052650907	0.1841355044367852
0.4136492061483461	-0.1422375784199789
0.0214449215651640	-0.5571800601993592
0.5777319158808700	0.0177273252108067
0.5882182047592549	0.2696995392979275
0.5124959748949887	0.3175860966849059
0.4614596514900767	-0.5066691732811702
0.6657065068859696	0.1817935454650353
0.5919104847808322	-0.2262635930411300
0.4316824400778856	-0.3770592304831399
0.2768699741542693	-0.0084786382821208
