2.6288781100059668	2.1788714094496262
2.9486200192035072	4.4433935801528133
6.3290406156436898	3.5664087197202994
10.1339322823220320	7.5428351398028228
22.5066559476595960	10.4076271908103840
24.6561228158625520	-6.4085056619856466
-3.9304655023475159	-16.1242887964887240
-8.4673988749874223	-17.6815640373228110
14.6896945139132260	-27.8831226057545150
-8.3643721392287613	-9.3301871701741721
-7.5029309322453086	-21.6965833672516200
9.9360654179805792	-10.8288357063945910
-10.4904120616026780	-13.7484642318751450
0.5718228186827470	-12.3228140400929200
0.6893881614349703	0.0448145298953770
1.8089576885054741	0.8806116678310552
1.2582149636037079	-4.2613512895440433
0.0823223381294703	0.0691386581803527
0.0001429349618917	-0.0186125888342986
-0.0156227287249223	0.0043649974282702
-0.0168160704480549	0.0065386220702969
-0.0156861323542628	0.0079267745132056
-0.0141157798369884	0.0105824804691287
-0.0117591184735036	0.0098844972595422
-0.0117892790757874	0.0102979735845607
-0.0095873824520617	0.0110432954124420
-0.0071195038264388	0.0104504961585247
-0.0057421366337129	0.0096623712938427
-0.0041964153977180	0.0086762572806609
-0.0035937419850836	0.0079758448094805
-0.0029074847459775	0.0066933034210464
-0.0023062328883226	0.0059614510026556
-0.0018153385155481	0.0050619109887249
-0.0014705177522702	0.0044522524677210
-0.0012404112110899	0.0038900875173722
-0.0010142673523204	0.0033702243455486
-0.0008083491697917	0.0028158070341430
-0.0006385439194821	0.0025121744933449
-0.0005706595089019	0.0021408478197360
-0.0003788561759478	0.0018992469314536
-0.0002915805460346	0.0016589340196563
-0.0001754102358010	0.0014649251744201
-0.0001380253200390	0.0013112942660283
-0.0001029062931242	0.0011914520337160
-0.0000536044571966	0.0010924079081009
-0.0000489696451620	0.0009442645553043
0.0000529723930191	0.0008107930434359
0.0000701210262914	0.0007635192998149
0.0000856497192286	0.0005767233395412
0.0000606134765913	0.0006007542862068
0.0001448163434919	0.0005002475592758
0.0000816312239411	0.0003691418683179
0.0000745437769817	0.0004041920165000
0.0000883260364099	0.0003203257826980
0.0001928712860188	0.0003024853324676
0.0001314978002133	0.0001459992491555
0.0001005787936448	0.0001909327172720
0.0001305944199555	0.0000596566677581
0.0001414623558985	0.0000822164714950
0.0001600115263121	0.0000614913162242
0.0000899963963206	0.0000051313295862
0.0000788795071899	0.0000291309397656
0.0000648272060344	-0.0000585165878236
0.0000444262378791	-0.0000873932173064
0.0000087411092202	-0.0000520337134796
0.0000290168385744	-0.0000720564413464
-0.0000239618133768	-0.0000580243660430
-0.0000210487029953	-0.0000685080209142
-0.0000435439815640	-0.0000584967256992
-0.0000407183851631	-0.0000401548103843
0.0000331579714457	-0.0000828399216718
-0.0000359983076991	-0.0000618466989676
0.0000641819828344	-0.0000435057568858
-0.0000651417775976	-0.0000396631070657
0.0000503718174008	0.0000455529541392
0.0000828120942912	-0.0000284319122056
0.0000405435651608	-0.0000494841239606
-0.0000240017156982	-0.0000813862418184
0.0000764231193744	-0.0000403124131581
0.0000729196320945	-0.0000660278935858
-0.0000852388364286	-0.0000232632209995
0.0000135391213120	-0.0000909305157167
-0.0000177481002534	-0.0000887238397457
0.0000436227318445	-0.0000488106536146
0.0000655933949380	-0.0000431143858492
0.0001406854178640	-0.0000136366072066
0.0000242742315948	-0.0001109362293500
0.0000419915946908	-0.0000473838075103
0.0000675341368551	0.0000237321109823
0.0000765355138797	-0.0000256748051421
-0.0000349812912560	-0.0000977979225203
0.0000683214287662	0.0000478951974621
0.0000512954105321	0.0000365134640384
0.0000568684880581	0.0000368546352765
0.0000602925718951	0.0000585499584201
0.0000546425969794	0.0000291864776456
0.0000609073181087	-0.0000407553149909
-0.0000158568353283	0.0000593681473717
0.0000560313794363	0.0000314876035218
0.0000629247929159	0.0000412471800645
