3.7329143881634441	3.5006048672674126
9.3030985252046019	1.6611077000962506
8.5837607184525719	3.2555033636862096
5.6442489189203693	-7.5021051538458217
3.5501933556456331	-8.4075823322079426
-0.3319361876428304	-11.6422288978374540
0.7229994310715502	-0.1190564292357933
7.7386919449684122	-4.5601358986773741
2.1586779053564533	-23.6867564720473640
11.7543424313288140	0.8034749653196207
-7.1699348998344572	-13.3141164569146400
0.7535237906317349	-20.1770032332519310
1.4276130768641826	-12.4162912363517680
9.4309220032983241	-1.6578891118287262
5.0675673827118928	-16.8068818064476100
7.8385757996492558	-4.2771285870422453
4.9841390325242809	-1.7185907383189456
4.1324323917368213	9.4261501903166582
4.8551543885615258	0.7004913861068591
5.7553476958387808	2.0622540248248122
-3.7336476508135896	9.2430118737903424
8.8380864167695901	1.9817453247387484
5.5118925075270280	-2.4130505964810078
4.4148860186684722	-0.9799223118398190
0.1698373393228163	4.7433156039869422
12.4716046165927090	-4.0401581657867105
5.4114419353360237	-1.9050632744324656
2.9839524325255864	-5.8194526404671318
2.5774534703025376	2.8488367457164401
11.2499599458607220	-9.5830278604241919
5.6530526630622431	8.1745763142559049
4.5722202098959652	0.2176913498274203
11.0567912295781970	10.3497841777339870
5.0676400087547693	6.9677436810290354
94.9407914475296050	5.4629356506891318
4.6376249303933310	-1.2156142780364512
-4.4511614671875801	10.8932675315859080
1.4213855859660856	8.4535590577908710
3.7592556879846661	-3.1182847488562975
2.0072270390783506	15.3554801633062930
21.4770039873102690	-4.1742850286557864
27.2650631990014140	-14.3795778311399810
7.8047006249509394	6.2662332327662060
65.1045880016844480	-20.8247163839363840
101.7614623821553900	23.7259575867531890
506.2150738098089300	-289.8587206446879900
550.3932985008931400	-451.3935243445590100
242.2671136710380900	-217.3600057536103200
353.0582731917647800	-267.4051632470633400
230.4755369450150500	-552.9898739158350100
225.9021616398346500	-210.0952350615673700
296.2258292364517700	284.3789405195011000
3.8818164519030867	-248.6495758730090700
219.9837374938203400	-111.6320668382872300
95.5033964135297570	129.4153689272214600
189.2112791211363000	-306.1229215048311400
275.9310757602677300	-174.5323534156965500
420.1670784166473700	417.0242779451571100
231.9890577095495100	-348.2073698788139500
154.8276686570507600	-340.9585628981903900
416.1077968966806100	-536.8244078616862700
311.1550956792783000	477.0372421551485900
1228.9555136356685000	-404.7922164053956600
808.6870312408910900	-77.9085883543652640
1351.8801380872681000	-585.4089556705687300
367.4933056396576500	1404.8703091296907000
2981.3569895994433000	1860.1033636475572000
466.1661193346424700	-871.2813111945389400
2085.8906972352356000	-174.9759937513773900
4008.8570932651519000	1778.8378099758036000
2903.6147545762742000	349.1845061845701800
5791.6351429790084000	1100.6174240091807000
3889.5316707340507000	-292.3322685727212000
2801.0244212015846000	2509.8150579651438000
3258.0118113041312000	-12659.2671558402450000
7350.3061635800823000	6334.5360228309755000
4953.7344879436050000	663.0677496566327100
1915.9004752014191000	-1923.8866164559281000
9254.8513278294467000	-478.2633955127882400
4472.8147806857514000	1884.7021082626011000
0.2820122204306476	-0.9281992233224952
0.6030323817423554	0.1296904100720988
1860.6622555359777000	-291.8142023117999900
2156.4132269251286000	942.2105804206130400
2680.8304975704059000	648.2723413415432100
1867.4915665091903000	-184.6104430561889600
1501.0001694825628000	-222.9619865191035000
8864.4388325225245000	-1773.2273989546861000
1733.5229807092508000	5642.8138742757510000
7725.7447073623580000	-2030.7306645914559000
8772.7621578050475000	-8976.1062902423710000
5348.7131059353160000	-2589.9551571822071000
11228.7146951023280000	-4047.9929522557809000
10782.2814886841190000	1120.9468237910178000
8565.8877817120883000	1073.8410923747012000
2234.7068185127187000	-2449.7025738562611000
7091.0409347260220000	-2381.5896847770618000
2744.8679969623531000	-733.5332739679389500
3926.2769319138561000	-2916.9310532410259000
551.1710931126266400	-1165.6372637302175000
