3.5469077820028723	1.2900344295056747
6.6510957827642869	1.7887364661315135
4.0987498738798331	9.6900693635685684
0.9716705587672866	0.2851073446499032
6.6955974534826819	-6.3806185993972013
0.3106102028401493	-11.1728337558726220
5.5445927540150217	-11.2001632520389480
-1.0495182747260074	-9.4186789439643448
-8.1359166953393878	-9.7560081600614037
13.2757527101184550	-15.9267171078834430
-7.3377654624101609	-10.6869497813117710
10.4156054025211850	-22.3995817852348620
14.1943860410675690	-4.9045258315474793
11.8238592911462210	-3.5380196269008795
9.9545286732438587	-3.1721151247563726
15.1031883379154590	11.4450380709816400
5.2873271486090756	5.1776225847136166
8.6307726309274937	3.0584791438260486
5.9534079184600435	-3.9368234191196292
6.3676360346597347	8.0775804737286059
10.5340924368038640	2.7014132398307722
-0.8328782232656395	5.6976708913531349
3.0864374158447951	-1.8950021515198328
3.8504319748702565	-2.2885207555209246
-7.4568067591113474	6.6049796526356586
4.3822787668984233	4.5267480606323023
1.3410842818504332	-1.0604251381578225
1.8388149153261466	-0.4027409903272716
1.5431562835311448	-0.7324133176885014
-0.0909242329148595	3.0374283778374251
1.6969713296044668	-1.1634926490945774
0.4783459091782751	0.3067830829558075
-0.6128383681853845	0.1627989851331323
-0.5816837905099866	0.1453035198946896
-0.5626597955980809	0.2302347968437642
-0.5737903391190825	0.1234318556436151
-0.5725303427297932	0.0923838605637376
-0.5674701043244385	0.0975588876814666
-0.5640046427126968	0.0879049777770866
-0.5588673323636751	0.0792227319764401
-0.5566083844658564	0.0695916839184164
-0.5588272011463326	0.0629680516221011
-0.5658291219068907	0.0578810577744628
-0.5417261474181984	0.1436101447191016
-0.4768770866177033	0.0818639444874417
0.2483729737622240	-0.1819288480135993
-0.6814125445598748	0.0408932999530922
-0.5352293080198726	0.1142645518758747
-0.5404387245903032	0.0731061191503574
-0.5929275796447485	0.0396550581357123
-0.4779989868804205	0.0460200586875756
0.4047113383993913	0.3254410174393788
-0.5627679191478139	0.0423885871402803
0.3875329587527067	0.3059296988972165
-0.4921431572332573	0.0400137499253141
-0.1075987769061283	0.4733227593850727
0.3997972284406604	-0.2959647822839435
0.4330893778004026	-0.3206025571853646
-0.4658519378495370	-0.0289000825287074
0.4303425703123404	-0.3097612857980299
0.4005016420975364	0.2619806064236248
-0.5036008406162299	0.0899582372110448
-0.4809682160832409	-0.0629448992186575
0.4209300564914684	0.3045011592925749
-0.1808287603022358	-0.5605393211004605
-0.0836268535400605	0.4563268219585419
0.4375456034287558	0.2879605738734212
-0.3929467696790736	0.0619893649226011
0.4144273572124155	-0.2835253744912856
0.4688336432815180	0.3414563138509754
-0.4246716238734934	0.0604674452296294
0.5643674421118867	-0.2876649373325864
0.5399575934943161	0.1945598152573455
0.0892426426598209	0.4706055477920604
0.5916060532945682	-0.5551393474703249
-0.0066799328159158	0.8682200083679987
0.2482121749819571	0.6549461432791652
-0.3990775264790552	-0.5595963827039887
-0.1778869808956396	-1.0124419694248754
-0.4401429618850161	-0.0476791104216379
0.4126600425294564	-0.5502486762118689
0.2709065420569085	-0.3244446109765339
0.6601590551352321	0.2310772190810537
0.6734978841497846	0.2568439429849396
0.9405332310605042	0.7110467253055425
0.0636299552724648	1.0363640440317545
0.8200856432661275	-0.0655860236071809
0.5834592272237742	-3.0475591593070437
3.1653405512117492	0.3385139613774934
1.0927191150397617	-1.3141728059822932
1.7281140946226994	-0.3691072249377669
2.0894519927722723	1.5814108976946188
2.3292819018416471	1.2878241622198767
1.2350857325629578	-2.2669892411086776
2.0035839222903022	-1.4488636165055273
1.5594470050379043	-0.3804887429974737
1.5674408606916614	-0.3491579304221622
1.8715184424553566	0.7722806389638633
1.0652864186084454	-0.9062934916254356
-0.2664630764815170	0.3375370705889373
