2.6736498272058329	0.9642388596311925
4.1628550441348979	0.6391334899659593
7.1762605138804449	-2.3399412511020548
2.9380160166426932	-5.5568524863628017
2.8065228383034602	-5.3744232471400712
1.6790319413045727	-6.4251358897683621
1.4210654781467811	-7.5706405709160656
6.5700636214507346	-4.1460482722264764
-0.8705971789143211	-8.2911609586190842
6.4196294874495630	-11.6263584468508600
8.6566730453758645	1.8562614445759207
3.6718747443477127	-7.8418244008302649
13.3937777012631520	-5.7598138843917779
4.3833787119058938	-6.0619675135590967
13.5622786976192450	-15.2038421538875910
7.8471702919550017	-6.4290233985281846
5.7353912840760577	0.1957013196090048
0.1321803462861596	-0.0393369562651793
0.0337447948523899	-0.1192414250358541
0.0397270146516061	-0.1150467290545712
0.0429337571780481	-0.1137594602101997
0.0444454956508727	-0.1093855823233302
0.0434122301032459	-0.1050112048202109
0.0419001254461447	-0.0981958438551705
0.0417057003519907	-0.0921750620276652
0.0406310290789000	-0.0835873521967378
0.0390428323102420	-0.0770655580317108
0.0387550735135965	-0.0719223623093125
0.0362476326156261	-0.0651081282119202
0.0444035372071344	-0.0669488031544923
0.0437559188698125	-0.0636510290003393
0.0393804071610080	-0.0592096094605883
0.3979758768673272	-0.2732703532664168
0.2442009145494358	-0.2264684129452001
0.1409998990404187	-0.1616377106398814
0.0813952212965622	-0.1194665898014344
0.0463205913635330	-0.0920983784221657
0.0247065333241153	-0.0725803350509777
0.0252045851171892	-0.0575061711594127
0.0041675566562644	-0.0445073145265662
-0.0005114397743416	-0.0337855423478283
-0.0028632347102202	-0.0252181139028415
-0.0038523055787581	-0.0185476979714187
-0.0038495369096468	-0.0134449215777245
-0.0033834384103992	-0.0101579290845756
-0.0026666491721996	-0.0083071504340290
0.0321638069622680	-0.0062875061300934
0.0288483431442761	-0.0059930580361145
0.0349683208277493	-0.0062407976558329
0.0430129454935266	-0.0067752918711354
0.0498886911967070	-0.0075220690775572
0.0551897171209027	-0.0080939178961386
0.0592180090136443	-0.0088655149930017
0.0624014488625052	-0.0093034286001333
0.0652685952020834	-0.0096959397383455
0.0679501719341820	-0.0095254784131430
0.0696008217873322	-0.0099049629946668
0.0718360260271886	-0.0107334700548253
0.0735066635000510	-0.0097350055658986
0.0757544593577598	-0.0088574147992097
0.0808351320947349	-0.0069040464407333
0.0873596745613738	-0.0046497051100626
0.0934061747929346	-0.0036676832767863
0.0978325029385345	-0.0014198204930037
0.1049652200922298	0.0002525070248108
0.1125497311918428	0.0012160413643910
0.1266576697147347	0.0025926113383938
0.1433115961000395	0.0033398692602213
0.1549437825496897	0.0026363361790995
0.1624163210483600	-0.0006595764680498
0.1716529532682887	-0.0045171302033492
0.1800109985714424	-0.0073314729976554
0.1882539074782449	-0.0108578827411636
0.1952955898460498	-0.0149032201442956
0.2058692866990903	-0.0182816991249962
0.2150092037452658	-0.0222265529725720
0.2202934300724977	-0.0249033567515328
0.2270020505916174	-0.0291172575796733
0.2257893314429759	-0.0308545401583486
0.2348542458542242	-0.0352544210389658
0.2480218306311121	-0.0385089133226690
0.2580601530721662	-0.0419835915151517
0.2557694405407733	-0.0439367986982194
0.2609012780818925	-0.0470348412496024
0.2645827093647679	-0.0489635721919115
0.2673144781908969	-0.0506607393047713
0.2518679323763137	-0.0454617965502565
0.2353882750174596	-0.0427052513042513
0.2494903422753650	-0.0459673861533469
0.2713316590013158	-0.0522965921017316
0.2813182645396750	-0.0547169430818712
0.2844504013609516	-0.0562468849723050
0.3046723675286399	-0.0633031036581818
0.3129596675519866	-0.0654412214114981
0.3171044884147869	-0.0670632249900749
0.3225421203779519	-0.0694450776900671
0.2892114724420218	-0.0607813681582178
0.2991285086968635	-0.0626118850652708
0.2382267028067376	-0.1383566183720545
0.3234427946096604	-0.2036963410923167
