2.3598831659480166	1.0802048171163652
5.1139172714882806	0.8894621916877717
7.0155664748878017	-2.2579577548815748
3.4301533718450852	-4.9495469510361376
1.7342634648963897	-5.1109215790843638
2.1539835566348455	-5.8814411296099305
1.2865482100665493	-9.0000341613217927
-2.6089271457073679	-6.6600161254693520
-1.6374666285673207	-8.2969451032172099
1.1777062840954020	-13.2993434465224570
-2.4986647887166642	-11.7278890263359340
13.3275709371772530	-0.1339226055456435
4.8936367045470037	-13.8507513396102680
7.4431303719267312	-1.9266687927384167
6.3156820673243939	-4.2074521610474989
4.7271455874947765	2.1768377098016884
5.4995248253427294	4.2551127011975867
0.0738673577263211	-0.1219519998389367
0.0541552359446622	-0.1382562955071107
0.0389558499622841	-0.0939076686132467
0.0429716739717965	-0.0918198553895223
0.0432318627861468	-0.0877127719715037
0.0426303687620333	-0.0838853850665006
0.0411107412154701	-0.0776983185189120
0.0393769919601769	-0.0727589390924361
0.0386767213656143	-0.0664005734919679
0.0373444732666221	-0.0614626374676661
0.0382050043754305	-0.0590356455517990
0.0441083484363133	-0.0603794323924556
0.0486618677604563	-0.0601737569939709
0.0442238913570209	-0.0559031704088672
0.0408800131769663	-0.0529393911432619
0.4032968805149914	-0.2806402423086698
0.2503422627284656	-0.2337857216101654
0.1454445700233590	-0.1621697507269702
0.0838690941169271	-0.1187552862708706
0.0475835865505618	-0.0906445814024776
0.0256588439994274	-0.0702435731597692
0.0203525017905903	-0.0488206717479961
0.0046570820665003	-0.0427656399415950
0.0000486518248042	-0.0322982955436485
-0.0026871814682533	-0.0240158166940604
-0.0035602431943988	-0.0176396189703424
-0.0036139700244362	-0.0127797595675823
-0.0032094935338254	-0.0096277065658844
-0.0025671797053971	-0.0078976502972361
0.0326478172823666	-0.0057371980159894
0.0297373509357468	-0.0053585737757725
0.0363235843855509	-0.0057761325123920
0.0433339833581248	-0.0061347598477729
0.0500594563637527	-0.0068404544371895
0.0537179029239306	-0.0072693097309367
0.0575235458308918	-0.0076607238941762
0.0603934058342268	-0.0082404280016187
0.0647226658230042	-0.0091321085525330
0.0686848176031126	-0.0091366599855475
0.0710873474623164	-0.0098345581907410
0.0731380288558166	-0.0096551901102130
0.0756116540696232	-0.0093174055693932
0.0790399749941842	-0.0079011433748539
0.0823009710551545	-0.0061228482108547
0.0873085508897118	-0.0044447912330898
0.0942618272394246	-0.0018985711047388
0.1007810125843846	-0.0003344208458734
0.1101214945406100	0.0016937129217656
0.1200506035236578	0.0033109800000641
0.1308226666763745	0.0035668319692029
0.1393351755155347	0.0028437463684721
0.1522677581302123	0.0020716042683429
0.1650023031602880	-0.0017837295262317
0.1758117204170998	-0.0033884115098723
0.1834496712337216	-0.0076728639130635
0.1804643402988972	-0.0103133031243240
0.1923646144937888	-0.0147851336109819
0.1962591505918129	-0.0175242279337452
0.2181629391222189	-0.0224887608772602
0.2302711066557140	-0.0266248108079347
0.2458353193304186	-0.0318104578594091
0.2565649252388089	-0.0366695801706681
0.2536365975518874	-0.0387335053939341
0.2458077946300379	-0.0391521507587361
0.2482901990776808	-0.0413764487725148
0.2613881928423586	-0.0452434069009971
0.2707301831771817	-0.0491861096274224
0.2729206295649048	-0.0513912179112629
0.2784271103201403	-0.0530423896811684
0.2899949904011562	-0.0564624307247219
0.2612003817946931	-0.0508507394150871
0.2686399873787344	-0.0536035255593013
0.2738561882014783	-0.0529573870467317
0.2971638163556602	-0.0599745150623587
0.3122699146930846	-0.0641428978628252
0.2987393872884562	-0.0611787277243410
0.2914591333839751	-0.0583972704528217
0.3077693373051225	-0.0648917011522412
0.2943959144793240	-0.0598173318246929
0.2954293290123869	-0.0591837731168072
0.2391668800365417	-0.1329939240992825
0.3158850485451478	-0.1984207361422968
0.3195888496764351	-0.1984145331801761
