10.1225520446584450	56.0152084701884620
3.2409532626394362	4.1163256851037104
6.5640325416325727	7.4573492201160629
9.4879310629342886	8.1810203278071203
24.3601193591845480	-1.1653064769627495
24.7755927032018270	-2.6544081870720655
0.8877967958875117	-1.0759062852303389
1.5246249849042521	-1.5111640157954203
8.8346028272762336	-17.4503212663866980
15.8427111183204800	-16.0123932882342290
-8.3748717638054622	-17.0968526648906550
12.2535545031133900	-18.1791684595982870
19.6670097468589940	6.2216826119811159
4.6269515294335966	-10.3825134648232160
11.5608739342873650	-2.6526625007693556
-2.3216721708372035	-24.1787561212298560
3.8211120003201038	12.3596062155023180
9.2298278195068786	3.4429928999533663
2.8574652517023509	7.7806743153738687
6.2515323620449097	-1.6912105670934454
9.6044803358050537	-1.6257822374989379
10.8459878152938560	-4.2890631930750738
2.1028670541969188	-2.4898230711539546
-0.4591422820539181	0.5257275783677549
-0.6631332052498170	0.5297247598887728
-0.6625607046066293	0.4529385601834309
-0.6135252451296454	0.3934587264183413
-0.6045960517765491	0.3398626176671550
-0.5887146480148474	0.2935997765630159
-0.5783050598495104	0.2562017018457541
-0.5732730665726937	0.2236673678425151
-0.5525906804680321	0.1839716477307191
-0.5978749754244551	0.1705362675959363
-0.5678735846406217	0.1584431512974642
-0.5584901893605277	0.1402974248583990
-0.5522268334782478	0.1246892730453699
-0.5468588456287390	0.1124161235601211
-0.5416471531675798	0.0974292262731355
-0.5374308794128737	0.0870389417160581
-0.5342337531452173	0.0777340457893204
-0.5308164972183018	0.0703402010664599
-0.5278807609722228	0.0629514652641819
-0.5250480586125690	0.0568781690393582
-0.5245105546194299	0.0493680492234306
-0.5192968381933323	0.0469448046072924
-0.5153629096002167	0.0430908781876347
-0.5149780134395392	0.0397912575566200
-0.5131639117766176	0.0389067678937440
-0.5113901194197843	0.0353058777392012
-0.5094586452540139	0.0345716238178735
-0.5092231434449713	0.0327517664430310
-0.5075411864238123	0.0329402098505950
-0.5048937992177227	0.0306815326589078
-0.5034926882403416	0.0298919880973723
-0.4995691905005513	0.0287763021434074
-0.4970993410710434	0.0288514932144671
-0.4940810319841046	0.0310511144206205
-0.4918962473027543	0.0250229915800877
-0.4908226004283122	0.0254841155522803
-0.4903781231417677	0.0226689746103599
-0.4863181271771391	0.0233878547071433
-0.4879294171543963	0.0213256635898605
-0.4832346046007133	0.0218085012848659
-0.4824599359842422	0.0350405614602196
-0.4832713194692184	0.0190791385925024
-0.1342511323875107	0.4564652634063833
-0.1255120326667641	0.4487394658586839
-0.4798585539550006	0.0354537031440814
-0.1444842351219144	0.4528268145173419
-0.4764714297271373	0.0253672773258196
0.3924509987677008	-0.2969843736307280
0.3869387617843534	-0.2763635095804682
0.3733739956490850	0.2764671801832763
0.3830950165673879	-0.2662796312427042
0.3557931844531957	-0.2333904108470049
0.3964067762457651	-0.2915972334079443
-0.4692782538129266	-0.0452368196131705
0.4092013487023249	0.2034687409082522
0.3487086844134916	-0.3001048169654349
-0.1245082009638142	0.4396038664894478
0.3869784936667274	-0.3690433037109876
0.4597851842456536	-0.2631257889508338
0.5395111080136458	-0.1420164037208586
-0.0273742654634124	0.4588895156283855
0.6344447719628951	-0.1898653545712531
0.4667230709631839	-0.2305662493935874
0.5896897706241248	0.2150634681712854
1.1347399706012324	-0.2213405188743971
1.6384463973104597	-1.1162361778268557
0.0558832266120896	1.7229460371796379
-0.0890522396451586	-1.0189607170643431
1.5249193893270998	0.3650483190067774
-0.2395550510358011	3.5815882217191675
0.4243449044762693	2.3089512949942370
1.4719230135527377	-2.4949089466975267
6.7186738483377759	1.3032210493828618
2.6674844755242773	-4.0602182711321841
5.0428798645561921	3.3572869376719896
-1.1594927718009593	15.2804479859842530
0.7386115881629746	7.1948272353388179
