5.0841674989657681	2.5390351939516211
5.3615124584832472	3.6587427398851058
6.8313241615941971	-1.5405124240337342
0.8070255288936814	-0.1812343804456667
2.6571976983782197	-7.0720116805723103
1.4586073737459591	0.0286946683661054
3.0885565286226240	-6.2427783024344041
4.5769813732785991	-12.6664514266705180
8.4113420164379011	-12.3439524365607620
-2.0529173878150768	-13.4044869131279310
15.0481206040946790	-2.6523590311424647
19.9484602181139900	-16.4955690917485530
1.4808302091404557	-15.9292868469784330
7.4245326223158994	-0.7330364810949109
11.0830977004497160	-10.2242399943405820
9.4227993007033639	-10.2888849371524640
1.2989172644702127	11.5349910285405350
5.6488769519290551	-6.2870554300861956
4.6081312470503191	-0.4027519623225060
3.4740507939988801	0.9585682217653734
6.3846882804204128	3.0141509152738517
4.1626336741980188	-3.4751274602796545
-1.8156309700109972	-4.7920177958064620
2.3402778150358294	0.9582240458591231
3.5289009018613364	1.0883053499915407
9.5573583760738288	0.4777347804856981
2.8995736208194507	-1.1614823404880601
2.6138282450923356	-4.0813991175218867
5.5328064493840383	-3.0325246856959844
6.3357201224577562	2.2473366312483822
8.1228094386796688	1.0837503266393373
8.4276204675204749	0.5397630386857790
4.7405587356979346	-5.0786623555350925
4.2492913799450029	-1.5530355427265148
12.0424106223848570	-72.4225335031430720
2.5073513386377271	-3.0570254858062036
-1.9577808426608483	7.6645837079892658
4.3192210016241797	-8.3781519846050205
8.2978209290190073	-5.3832091583636217
11.4788562582476100	2.5717830759571090
18.3179378433976970	-0.6455567178371598
23.8749474574702280	-1.7400026722029582
19.2951798066128360	-9.9890892741791948
117.9590935299271700	-56.9035345845070210
129.7981610948957300	-36.2893764503602870
443.8116971692384100	269.7113954664997100
338.0587494049968300	-273.2644756179586200
322.4207237644988000	-634.0782954345998000
108.8900424991235700	-234.1674465545372900
325.2521931246079700	-387.5724334668315700
53.5833406793843350	-281.6192289215421200
166.9037298689700900	83.1885924603557920
198.6932508474957900	36.6900386809166930
349.4115006925387100	32.3464061145811360
-5.0996268052328340	-153.1144483732475400
281.7650415568277800	-23.6634782183618810
277.2472544787642600	159.1180935605664200
435.4783890452610000	72.0955973185854760
454.8734742176478100	597.0593268076332800
647.7313243561286500	-58.1233756045093340
-181.1855248661694300	1191.7267803787092000
1228.9416070262766000	445.2467879938702700
-267.9368609281925700	1439.9827198784756000
1154.5010847227411000	316.4493732890342700
602.8938216278579600	1093.1705114181495000
-396.1785370509086900	-1968.9098673334840000
3886.3665779280677000	-1346.4336949997748000
1477.5881593779754000	1271.9204888211298000
1161.5257620414063000	-1063.9140573579016000
5487.5594622539238000	2260.4186928029667000
1146.4403943629075000	-497.7186733789450800
6323.2464211916595000	-5704.7842578389191000
4413.5656674004222000	-4181.8170121817211000
9948.3313753881030000	-9916.2983727865412000
718.0136709204199400	7479.2604249410761000
3252.6516985084454000	9295.2131173524558000
1084.7582818709329000	-6501.6674499401624000
5605.0867122456320000	-272.1024748793585100
5756.4505712981154000	3772.9275405144199000
7078.6748133990950000	497.7705336471761400
6183.4821835115645000	-297.5551724048797800
1144.7193252463560000	3077.5849995650965000
2348.5983176853815000	-3698.8309792801533000
2372.3179168277666000	-539.1055292217849900
0.8414038421672375	-0.5392915599791232
0.0283725597744271	-0.5365814102551436
0.3592856018938135	-0.3728275319890514
5.5771005827066507	2.8830568658461240
3.5336977215588061	1.6879294060976373
3.8415003854625671	-1.9349419460210455
5.1035451294074106	-0.0729791364912599
5.6594116310164111	-2.6729160619112777
-0.5268090487296432	4.1069578046188582
4.0720877581142885	-4.7985075430904791
5.6274908737435609	0.9158564451694382
3.9691642711591064	1.7394466091598444
3.9989127296888030	-0.2673418821387929
6.4198054896093026	-2.9631913700189014
2929.1050300733809000	-285.5917110586794400
2211.6054624841790000	1557.9667850023952000
