23.5551599566638750	8.4248339488246646
19.1722824685757910	0.1926008752231200
13.5517508812496440	-4.4059133129082513
9.9958933024838217	-4.5810134918216754
6.8569848517249685	-5.8522814482675516
4.5075925384289475	-4.8463294287925347
4.0616453535930752	-5.0010285462217281
2.5098279126206484	-3.4352574736827624
1.8710409566416979	-3.1183745472590854
1.4016215732040902	-2.7420365378848359
1.2078802094956258	-2.3847215865208971
1.1084948873056157	-1.7862967403727708
0.8176484645127987	-1.8058983862724238
0.7272674636400586	-1.5570438482092737
0.6615735805072839	-1.3444099895004173
0.5979424961911822	-1.1149720260424103
0.5653314034045419	-0.9892904257975244
0.5321444086455087	-0.8624175768564056
0.5071549162197224	-0.7425650019367091
0.4835534055825431	-0.6419125716928764
0.4699265253516201	-0.5553002582791222
0.4559749321796762	-0.4787005631001069
0.4460642308944970	-0.4132294633696754
0.5181260585424482	-0.2139121349888429
-0.5122314998487916	-1.2312085964276021
5.8198830661828236	1.2838580658207881
0.7995386927709659	-1.5465177533587784
2.1737193393389833	-2.2156041347660405
0.4040529037072095	-0.3169647479384748
0.4501478903176666	-0.2150137607139476
0.3630716091800074	-0.1280980038919128
0.3640625811890653	-0.0960306600880836
0.4073157753864889	-0.1178162358231742
0.3802142149040418	-0.1118632622484401
0.3646249845297965	-0.0901242161116693
0.3594347939635122	-0.0800572224650801
0.3598911592104402	-0.0579654243256976
0.3530701220718421	-0.0599585832369265
0.3504771235448514	-0.0545945584810977
0.3470804353454822	-0.0489368251816844
0.3456698088335982	-0.0428474872969875
0.3431685264609036	-0.0396493974316988
0.3675083048046121	-0.0394225151790070
0.3530955244268816	-0.0474050228099432
0.6221018184470345	0.0426427562906401
0.3373996944646616	-0.0283826697527946
0.3352387666195256	-0.0259967725942743
0.3337338820252169	-0.0239223624693873
0.3356461878481906	-0.0257565570475815
0.3317295951431897	-0.0213687752800993
0.3301988910598705	-0.0206606714693521
0.3288398049381391	-0.0199598055362336
0.3273629685962412	-0.0185715838677224
0.3255630375974491	-0.0175450319617779
0.3246809649974206	-0.0170756206874293
0.3232555941111470	-0.0156909005460414
0.3218710513061171	-0.0136438246369338
0.3225324005231529	-0.0153328592357617
0.3195867560591804	-0.0169253723628681
0.3194255967195021	-0.0140739070968057
0.3182678302355838	-0.0129973928729576
0.3169732764512703	-0.0120866903316159
0.3147930590017202	-0.0091992336049340
0.3134010677638247	-0.0126793144834994
0.3151191830239122	-0.0128801340519233
0.3033091865076034	-0.0167727934407041
0.3079704175245747	-0.0066907549695677
0.3280230364289305	-0.0162579418817629
0.3132824268162373	-0.0172444123904612
0.3118149474246131	-0.0198062518268531
0.3097243511111273	-0.0151811005327222
0.3074471460536116	-0.0117175231731358
0.3244631410579208	0.0024530740665894
0.3877368715859337	-0.1039062540416888
0.3240004113755102	0.0002218072170741
0.2722783128471725	0.0090850436437960
0.2969309382212959	-0.0124415116760321
0.2870706359364759	0.0146338151685668
0.3391725486216768	-0.0252343498982369
0.3314069244299617	-0.0048040964019241
0.2923275934435627	-0.0032335820013672
0.3168376201449176	0.0594650911363014
0.3352076295008882	-0.0201328125550743
0.2592313339054038	0.1348610959593743
0.3471145729943067	-0.0915411510897750
0.4059307370086139	-0.1325859350485847
0.4747995833919733	-0.1074934365830402
0.6099540222932819	-0.1754556750639011
0.3773884997745980	-0.1626543069022635
0.4019192924491277	-0.4113078777171706
0.3780218553633842	0.0015880863392872
0.4080478013080091	-0.0092678486667595
0.3421266601589580	0.5422299568040162
0.4183129915277145	-0.4780876886957829
0.5846399257417787	0.1287696708475630
0.5700862859961867	-0.2063703398059829
0.3187747938918655	-0.4349112928871621
0.6775336777843098	-0.0442122950370286
0.3565727045994789	0.2968814477978497
0.2691407422539474	-0.0040936341225070
