64.2667189751706620	42.6088398291607290
52.5377184061650200	-106.4641774258971800
124.4012904763307300	77.4308725037248280
291.7082614852450900	-406.3470995271331400
3.7807470663306488	-9.7785272663909542
-0.0961159793079237	-9.0333932787891786
0.9808839267293993	-9.5513271820714714
0.5820814439700913	-10.4727724354485170
12.2961226441447720	-0.2439389905223768
8.5443123839099702	1.7415371338366470
-3.2559604580410335	-13.7390117347722280
217.0796154397393400	1.5733344201016699
224.5342262347469700	306.8964180966710800
157.7718516238050500	383.6981701352840400
141.9147357492040000	429.2572796312784900
118.8975540127636900	499.3627547859621200
565.0776438620027900	1171.0093140758634000
664.7644102433469000	1267.0757526932819000
765.0067642733597500	1373.0383561958954000
862.2761944519799000	1473.5664071788340000
949.4241483154046400	1591.5630016911161000
1030.9884352952486000	1727.4643778478023000
1092.9795247285369000	1880.0543431933984000
1153.4870126237429000	2074.2102618302201000
1202.0505887059933000	2295.9742401970443000
1244.3815045943834000	2573.4215330878105000
1285.9739270105692000	2904.7671872099204000
1321.7707598146076000	3308.7445169788166000
1348.7444152031526000	3824.0167242004131000
1294.5980085597530000	4400.8384824543227000
5966.0333242602728000	8914.3463273053840000
6726.8646892380693000	9354.4117045377843000
7250.3036154610645000	10049.2084189954260000
7671.2101351227275000	10824.3894097323430000
7945.6765775995327000	11820.9000148998730000
8357.1575795850440000	13108.0319016284170000
8476.0687784784350000	14522.8655146722250000
8966.3356443079283000	16358.7075248034780000
9039.2668381954190000	18569.0613898001720000
9218.6541102947413000	21086.8908994873820000
9522.4068130942178000	24390.8991331676990000
9792.0292143456591000	28045.9720964549630000
9914.1593955328990000	32371.5518114168700000
10385.5351668939060000	37383.9434012545030000
59623.8817756783170000	84153.5358738887300000
65906.5370980762530000	88771.0206513278240000
71348.4638811009060000	94474.5965027726630000
76202.6858607360920000	100547.4864645545900000
80316.7142163730460000	107949.7574707778000000
83813.5634267892310000	118377.2528278826400000
86113.8762988134840000	130592.1954637855500000
89297.0498893153130000	145815.5515517880600000
91447.5444283730180000	164418.9211857247600000
94106.7418467858520000	186285.2936961406100000
96355.1311971475520000	214036.4858304940000000
98915.2219268388290000	245895.0386552801600000
52617.4675256362750000	80168.6733596161940000
0.0011884378240660	-0.0003375284957697
0.0000329821572175	0.0000113337341357
0.0000412206362799	-0.0000541877565930
0.0001146080745645	0.0001188334152209
0.0001698739873095	-0.0000423613076664
0.0000620659221258	-0.0000747242725794
0.0003959927344261	-0.0001194537712641
0.0002067316365108	-0.0005346876923698
0.0003101578476903	-0.0004455577466633
0.0001111811007136	0.0007609361083957
0.0007411294003749	0.0003217009219759
0.0002018897656318	-0.0009046397339166
0.0006313669021081	-0.0004203125421190
0.0016500208117271	-0.0004246980252026
0.0001612343317028	0.0010245392678407
0.0012686469424762	0.0012399238973514
0.0016450927419545	0.0009554322248664
0.0032340316269403	0.0004011724259862
0.0008209201853091	-0.0029335906545838
0.0006226624205552	-0.0023317157431689
-0.0001027779902901	-0.0039766414183440
0.0100181177655196	-0.0079705265400870
0.0042964326774939	0.0032017362172536
0.0051473507425559	-0.0001266452267449
0.0030530802080666	0.0063741994672472
0.0057696775319667	-0.0054808066822028
0.0026913455692615	-0.0110216023358666
-0.0029143828506613	0.0110419437233155
0.0152599707857796	0.0039643365688667
0.0055831563762408	0.0118919525525836
0.0204771207175760	0.0063612136762946
0.0213332458952237	0.0090686609359136
0.0254719353637781	-0.0086572980366626
0.0329834363744642	0.0108551403323713
0.0393879034670099	0.0218949841400037
0.0352559380334335	0.0100077246282038
0.0475621815482972	-0.0145359357526134
0.0543049075775949	-0.0115598981439466
0.0308357563900227	0.0158119802332482
0.0318807775204894	0.0469578392020285
0.0481295998281568	-0.0409586936461473
0.0124041894620477	-0.0344307186664288
0.0352908899262186	-0.0585532107059062
