9.4611521970441306	-17.0205377232396100
-13.2376310054929540	32.6249748779010100
2.5632516104490355	36.6682429347776590
60.8228715832359010	76.9185172283675200
38.2993463666724450	75.3852787874451880
31.9841496206667060	35.6228900926609460
0.0217563984547847	0.6258435109774838
-6.1987678759805789	-58.8229029514364470
149.4919683034134400	76.8908925304805140
62.7858464849460200	-71.2520173295799710
19.5370337951271050	80.8219970468763620
42.8837063412235720	31.4908284877518270
100.7480155774043200	79.7013613789256250
112.3247828042140400	8.6819626119330877
59.7867203440198910	199.2061684879502600
241.5343649383383400	-56.2923562773774930
91.9981712042460340	140.3225962110348100
84.7785204887242830	138.0403923510848800
91.0805460128625410	127.4198407389760100
-15.3519215069862530	-77.7009534013805450
-3.0824374046752325	5.4038885893446063
6.6933045182553279	0.6126733786661855
1.9535215035025695	1.6139805846040123
2.1394694427197090	1.1472766135819752
1.9358232427434205	5.3747612083525116
5.5329030426444561	-5.5637922897221816
-0.7737448192597636	0.4294848277168399
-0.5974196647841880	0.3766789889542837
-0.6034338246941663	0.3127156989000000
-0.5876315588535150	0.2461582281503180
-0.5800197280621323	0.2321702432322093
-0.5573751264365318	0.1945476672339294
-0.5847438384991306	0.1752548092007447
-0.5649958018444746	0.1612153317461389
-0.5548594337393494	0.1424052805676793
-0.5495832405309555	0.1245406649118951
-0.5460803104836722	0.1049040993125026
-0.5394297002450997	0.0984360171172782
-0.5353154560462391	0.0872848038291028
-0.5324877270952099	0.0788453319766883
-0.5284902505050478	0.0705267518722779
-0.5256696700507862	0.0635452485661380
-0.5225675173279082	0.0577199776020386
-0.5205999476060507	0.0501604108847665
-0.5168598371724216	0.0489618713354748
-0.5146010215605021	0.0444727715409421
-0.5129414141090699	0.0419360796134085
-0.5095270704412153	0.0375325032110029
-0.5069091844991658	0.0343415837771978
-0.5046476739343555	0.0318205703705164
-0.5029597116376030	0.0302757609085158
-0.5014748332491191	0.0290133673836645
-0.5023199818288215	0.0254308736959844
-0.4977756901966020	0.0254488454380543
-0.4953469155109438	0.0251374437240513
-0.4934638584623702	0.0247900704868146
-0.4914732205210424	0.0255553493575681
-0.4902907652005851	0.0247260216606094
-0.4858361069495975	0.0228042136455190
-0.4845433122064284	0.0200247977922301
-0.4824349294744851	0.0219706166053201
-0.4819836446996212	0.0192942950174238
-0.4785081754456189	0.0204785962970879
-0.4767093933462074	0.0194126271144914
-0.4759240003758117	0.0192686176941377
-0.4738503677009525	0.0189487781012543
-0.4707539908639089	0.0218184107507579
-0.4684382009406266	0.0210041444380009
-0.4689863457607118	0.0179872409904270
-0.4650535566907099	0.0159956135784242
-0.4642060018188985	0.0177416035573183
-0.4650517178435494	0.0161217296217929
0.3702947954104082	0.2429084656724128
0.4847678758662269	-0.3022176050252611
0.3749393259426554	-0.2655877447389141
-0.1182076068634695	0.4209328383380148
-0.1261458659521365	0.4470633357890573
-0.1202116772818052	0.4333016471661884
-0.4602638448635253	0.0228098318989747
-0.1326529768637922	0.4368997421665630
-0.4427167999955285	0.0111294342780590
-0.4433620274362116	0.0111611821079287
-0.4454570232577709	0.0161837322351692
-0.4440659146463721	0.0149158531446320
-0.4419332804375613	0.0146411463832837
-0.4409537895747051	0.0150263094251798
-0.4393969133259747	0.0132815864627807
-0.1203701928632203	0.4197712547505288
-0.4346426468866198	0.0098270550939665
-0.4356512373423599	0.0132080470540465
-0.1217158294915717	0.4138885080644327
-0.4333094315454396	0.0151254547903899
-0.1209697213841993	0.4141499645888853
0.3506395134817297	0.2459957678129876
-0.1210190080820064	0.4175547094877843
0.3539404555024374	0.2438386152639386
0.3489698222727038	0.2449905759830934
0.3520324910739102	0.2422976967687226
-0.1094040004030003	0.4102562983812252
-0.1312463531576412	-0.4175950395718798
