3.8554375696783123	2.6972902085227060
5.8809042354845769	0.3542913412874962
7.3947151816143704	-3.1083183010360784
0.7877246311918933	0.0646414544033397
3.4535969461344007	-6.6096395402831023
3.5550064492528608	-7.6302090221243803
0.0949465537389453	-6.3304238466597864
-1.0040860463968835	-13.4007823526190750
-1.5415672689323148	-10.7846064567007560
-0.1013738338908509	-20.3328597305604360
-4.0486170613666195	-6.0041511295530778
-5.2592870272108936	-27.8406369302312020
2.3711299370027574	-12.5247455316106540
12.3042857545803410	-3.2725199742520692
13.0837555902812640	5.2220852074932020
3.7263818374743423	-21.4058337762478640
8.4385003802321883	-3.4328953914354119
5.8344172965170582	4.3570150464186437
4.8137375155597377	-2.4817511319125960
13.9031209205395590	-4.7649174932221738
4.7569075548234006	8.0978149064330278
-5.4154777427488892	-5.3934759810469712
3.4590502240353027	2.6706231931932294
-0.2554245341950073	-4.3060862867130281
2.0325237916117600	1.6812034876030995
-1.0573479925163372	3.8681393440698777
-2.5313007802131855	1.2853898654559925
2.1660782835411516	0.5829132772405206
0.0416013408947585	1.8179766426325310
2.4853316589142205	-0.7007024506160918
-0.5134517494275197	0.2148840348783005
-0.5384941038388038	0.1707165036253398
-0.5819437108149360	0.1659744560540724
-0.5448509683944575	0.1519849329059394
-0.5394891210601956	0.1451174286118082
-0.5327267062544823	0.1212586147383172
-0.5302005584120803	0.1069370462141832
-0.5235809805260614	0.0958977834692202
-0.5191904332743950	0.0864965081357424
-0.5168392756273041	0.0778777309433901
-0.5132880439137889	0.0711799459166687
-0.5078691917392192	0.0640199798273799
-0.5061786564332172	0.0583478082538852
-0.5113043883485146	0.0542665185891676
-0.3762896611087644	0.0790021510647370
-0.4985061784019103	0.0443964600821564
-0.4989467665303617	0.0430213795908254
-0.4855436692399731	0.0261103048471581
-0.5135654214269309	0.0525430855038320
-0.4906276676060944	0.0341638131475399
-0.4878071127094865	0.0344169266961021
-0.4882378351955568	0.0329584521744771
-0.4881225361242961	0.0318014755958059
-0.4891588442524593	0.0317363605363123
-0.4811783368858574	0.0264783278409889
-0.4759320515847370	0.0336881435929163
-0.4724521118649326	0.0271796945008115
-0.1222624170394624	0.4584375105437437
-0.1397576105322021	-0.4388070105186047
-0.4581114973000406	0.0399143967267703
-0.1047508823748089	0.4421972453324558
-0.1096062159961652	0.4914922562272417
-0.3992786418619645	0.0255264991970859
-0.1268769423982107	0.4476377136620676
-0.5174893881708353	0.0384280892365844
0.3956124353512609	-0.2590822021561172
0.3822822496157402	0.2619666703137342
0.4473750967834854	0.2898061627930111
0.4053369877287981	0.2400988395905764
0.3585939371378333	-0.2460088013972830
-0.1202474648982706	-0.4623485928500384
-0.0631023437628829	0.4731623265117528
-0.0530270026953063	0.4114862799438975
0.4097568584574684	-0.3001735876824873
0.3753488281639572	-0.2620638681478077
0.4294748466562021	-0.2629573734496037
-0.1343284684121207	0.4634246524515600
0.3161351189431852	0.2095425922050989
0.3959226283520929	0.2778382342832388
0.2376588278343898	-0.4369662044797847
0.4637929680059686	0.2919023550015957
0.3946606166809651	-0.2472328173779766
0.5245510908216517	-0.3052960012439406
0.1554630082105293	0.5292254107854401
0.7312333889540098	-0.0595345674634936
0.5805695334723561	-0.3449726258733552
0.0729784569930679	-0.6143149544130898
2.3928303849461696	-0.4691598342876899
1.0876950046431790	1.6650542609280634
1.6113926319699161	0.2011326211748368
2.6255657273128539	-0.0676943330042626
0.4924060532324583	-2.0164582427860709
1.0680325038737541	-1.5048501965067553
1.5951279840100505	-1.0503366043607192
2.8290260807437861	1.8185913361021351
2.3574198934103423	-0.1595988094746006
2.1767561479844466	-1.1688607001973410
2.0118800774111132	0.5880116421271119
1.3297320883592156	-0.6124912972692019
0.5491871217802758	0.0031208767340963
