29.3138436679432320	10.1882324919742540
14.2992698338025000	-5.6273951488953866
8.9676978574189139	-5.4889616141011830
8.9882528260020287	-6.8777833131947412
3.6484521757540627	-7.9189708349662533
3.1053019036201803	-4.5986475229745398
2.8390776134244056	-3.8125228156080073
0.0251924373445800	-4.0980609697036376
1.5535842058700493	-2.8013007481403247
0.9995944920598635	-2.7382794709989922
1.7417150532019776	-2.1083808721316624
1.2995638532018137	-1.4460973767192493
0.7452449772428266	-1.6043864065289211
2.7709772206547005	-1.4036086758433619
11.6736765281432820	-10.8598260019485660
1.0421584417560132	-0.5574634769280489
33.8671843400622310	-1.7514886078771541
17.4946609695512160	-236.7361312157178800
0.4402252626866475	-0.5644194889843970
52.2666326208706170	78.1873490722047390
9.5305392546517496	-23.0080253301418550
0.5932889562113998	0.0150373864146630
6.2129468941380717	0.1207159704518883
0.2110049722356588	-0.1751311565215358
0.3161946057114779	-0.3883039455429802
2.0357145792864846	0.4734832815207339
0.9695054267973685	0.0018780574880088
0.3445614133902880	-0.2120302479943282
0.3034388888623342	-0.1653589887572058
0.3072064554310336	-0.1438482416994183
0.2884546278709562	-0.1204883890770076
0.2779296717522271	-0.0703380630042056
0.3103734078812598	-0.0998351817476946
0.3673645862178032	-0.1290648451888523
0.4182238700983191	-0.1370547803008572
0.1103751622301981	-0.0256517800414160
0.3589894937145075	-0.1738634839340225
0.2408418933072070	-0.0134396627407064
0.2514606443288005	-0.0402868415927650
0.2662423213193528	-0.0449899176259247
0.2638554152953157	-0.0405640167927168
0.2612567235702615	-0.0368539090861997
0.2595565814163168	-0.0337052711889500
0.2571003645595582	-0.0317563324457749
0.2577705318876610	-0.0306998670251736
0.2563016562324823	-0.0286031293658203
0.2542661118711108	-0.0268246430029288
0.2520137264624397	-0.0250725385713695
0.2495361068808255	-0.0230671310243841
0.2475095618407361	-0.0213811064898158
0.2454637887844196	-0.0203177056866431
0.2435158554760967	-0.0188873820573980
0.2415478351913849	-0.0181235527306608
0.2399582950803307	-0.0171308713326745
0.2385927147717270	-0.0165327080086824
0.2373392798333965	-0.0157855979153386
0.2353482901591114	-0.0154324183317483
0.2337384292315330	-0.0154924981061991
0.2317658972556282	-0.0149402783873561
0.2317056330723668	-0.0142496244624310
0.2297822406829217	-0.0149312283521922
0.2267892751509214	-0.0141914145228265
0.2275243306180192	-0.0130184026036653
0.2255026812234594	-0.0143935815462523
0.2229326121253126	-0.0145548708005510
0.2240814955661000	-0.0145324794731435
0.2239032841803496	-0.0163455135815969
0.2217432396456593	-0.0164645957931472
0.2222201898027470	-0.0179523924578706
0.2134244613151843	-0.0170249714776071
0.2231201482202833	-0.0160531790551245
0.2227460936074115	-0.0221561057124537
0.1981977210368182	-0.0179899985543489
0.2854149143700746	-0.0740049588359540
0.2185574757680059	-0.0386529425995410
0.2402011224594558	-0.0407971803391075
0.2021968677308137	-0.0290143429821375
0.2169612362941467	-0.0500076879362527
0.2061502635671191	-0.0245001649789019
0.2284197134210098	-0.0195693080143420
0.1854318814406064	-0.0051636556652855
0.1929385387481803	-0.0308387317040027
0.1854358733638038	-0.0650676410258133
0.1895185748807377	-0.0297600315025527
0.1523478270934469	-0.1521602003689507
0.2165754761474210	-0.1472864767609763
0.1133180093561012	-0.1111787679356026
0.1481139861855077	-0.0242948359535950
0.2165775574080943	-0.1516815691452924
0.1240663898014571	-0.0372718393746306
0.1786557886876372	-0.0237068759537316
0.1328912393519677	-0.2063238908052737
0.1580775785686053	-0.0914792030783154
0.1302374110550403	-0.2390758247418827
0.1293860542310140	-0.1527932560245404
0.1919130271343772	-0.1518148126420821
-0.0242947396893655	-0.1225001414118575
0.1939561013024466	0.0879130252979120
0.0593799897203466	-0.0847685906945243
0.0429522845285402	-0.0907436250632827
