2.5399788092444675	0.8139258702747214
4.7961937813043098	0.9737027248175562
8.4776950433337728	-6.5095054900214828
3.7293861363979945	-4.7940103355535779
2.6088864160062530	-6.8721680250815744
1.0926492411125972	-6.1914935210379598
2.1357564751477840	-7.5823118575960207
0.9394866580105898	-6.8683985922261765
-4.5527187056681884	-7.6073332542241028
1.7497282141902055	-10.0514984844173640
-11.2331599515174090	-9.3452245396343265
13.3588276553644500	7.1148667125297873
7.5005226142753214	-8.3944075462395524
8.6318161311380202	8.8582169050203721
12.2679781785091890	-8.4943742095513244
5.1109092610429698	3.4571253362566794
0.1002235789173382	-0.0489855441302104
3.7142353311126519	-1.1673858597339095
0.0822604506037018	-0.5263233856969053
0.5022852834768637	0.1010020827046129
0.6532728336777529	-0.0623502034801824
0.7432551488216227	-0.4077419235578262
2.8028070485146332	-0.2938431746485256
1.9522152241869930	-1.5282983205528118
-0.2399119194605743	-1.5941233537886279
-0.4345181425824038	-0.9933135369716997
-0.4471775018819909	-0.7502030752226787
-0.5829912648878978	-0.4088767691928180
-0.5403942635953820	-0.1020679365763111
-0.4775719401381083	-0.0268350922976268
-0.1338570837367609	-1.0065238271513262
-0.6573625561125027	0.0215959803628040
-0.1677077716002971	-1.0433216830544945
0.4281649334882756	-0.7647901114248455
0.2261405946659994	-0.2307809000713688
0.1339746936190343	-0.1448581648320317
0.0795263239903893	-0.1020861131697496
0.0472715962356609	-0.0761353928271918
0.0399931976240033	-0.0564789334018872
0.0154534101369725	-0.0446775773571352
0.0073172517980606	-0.0339626300455054
0.0023134508396243	-0.0253013478990047
-0.0001691057668475	-0.0184172330026624
-0.0015037083217948	-0.0133286569664410
-0.0017982557589392	-0.0100932211118171
-0.0015253673786079	-0.0082036755086813
0.0343671006474166	-0.0061242463264978
0.0312700604473935	-0.0060090312415331
0.0378853574725670	-0.0067038220645600
0.0442635021965630	-0.0067647856891294
0.0510013766761345	-0.0075766270071447
0.0563259608433847	-0.0081585504677433
0.0604719479132254	-0.0088667060908543
0.0635388527519706	-0.0097609558866807
0.0664418382313598	-0.0102225606935568
0.0685847542095247	-0.0101615275091099
0.0708484889553898	-0.0103731219669618
0.0718820932371350	-0.0114247445795589
0.0752585305442974	-0.0096357200283429
0.0795652809022657	-0.0080101121232288
0.0826640631522704	-0.0062032888760992
0.0864275716984231	-0.0045663159401786
0.0871974511365635	-0.0047756117378935
0.0958848831287896	-0.0011607173130795
0.1111178138608426	0.0016297440357192
0.1254952026198404	0.0039125759305671
0.1347129143256683	0.0046302075061006
0.1444363633882625	0.0033008587156315
0.1557498836143259	0.0023658560196871
0.1647958764476024	-0.0003853110944259
0.1796278588735591	-0.0031636329179244
0.2066062299781990	-0.0084304502521262
0.2199896502122756	-0.0127930516597033
0.2102820629020892	-0.0160015291734272
0.2081380611219162	-0.0188322904334312
0.2142997537014216	-0.0223788380045548
0.2268110896512264	-0.0273273770062796
0.2288215272103197	-0.0302726430381825
0.2370338537485243	-0.0331624710846520
0.2600244330139804	-0.0398581105436549
0.2688588319003580	-0.0436105281260869
0.2668092946671746	-0.0463330605863241
0.2764986721804917	-0.0494162613887600
0.2761303513348055	-0.0508456442510666
0.2776492698965299	-0.0527614027698141
0.2796398193701750	-0.0541429955900200
0.2900636210802162	-0.0578248820116716
0.3063808718034572	-0.0634157668752029
0.3040981138551568	-0.0621045198382282
0.3079337524678469	-0.0634455952905041
0.3267639489813060	-0.0699376869346941
0.3262698764776630	-0.0717300816464221
0.3602163205853168	-0.0835332623776765
0.3715999435633312	-0.0868501806087033
0.3484089662878041	-0.0801414401646378
0.3357873088245878	-0.0738249430414083
0.2344933697266161	-0.1435231456946491
0.3127295768105479	-0.2022908030392921
0.3265867402566877	-0.2154560660734483
0.3222277313937601	-0.2061511783245771
