27.6494952083030900	22.9362638998781630
4.2436243582901971	5.3147132447887486
11.5442304561524760	7.8560197154569469
11.7734781785248770	9.5210530404044853
24.0470594697526220	15.0079615241306230
23.4559813072124040	4.9691032142914153
-0.0178536593890172	0.6885201337395263
18.4175867603481610	1.6975909832427425
6.0573293245597668	-20.3830166498777460
-4.1703607641596605	-23.7927971065092370
64.6639846918987900	45.1200259815048030
23.5501936457057540	8.7100772705491991
16.1360315860395470	-16.5348298547045760
12.0137512997932880	14.4170013485237140
15.8236978391824440	-2.9773909404566599
10.5538952375128260	15.9580799867546010
9.2344392730363616	4.6927018755896661
7.4433873532254813	-1.3125488755354577
5.5611223667485570	-2.4055641834944819
4.1936788336723545	3.3703666935232661
5.5138839449716759	6.7052390554733412
6.9229171511699414	0.7472701701668710
6.9407281729139898	-2.2954536884633012
4.3329258355318023	2.4261970194787708
3.1342564456691746	-2.8755099397558550
0.6203372317842207	9.2120392155777200
3.6938436182574934	-2.1649567246454571
2.7478451822497818	-0.7155635495632016
4.0790961701173911	3.6321344004598419
5.0487637572799855	-0.2264860553244038
5.3878006326024108	10.1123281598255750
3.5355515484721125	2.9215751462358091
5.1978709408821588	-2.1773315080628506
2.7607408343241602	-0.0052683336507076
12.3245143780106530	-0.2848438542808326
2.6016540053147987	5.8209737177702312
2.2902842159084287	13.8884902405214530
8.0883266419692781	-0.6725820668425860
7.1287362297090189	4.4826633993471976
22.2444744142297670	-4.2828195847955071
4.6618382890952645	4.8074479622555613
32.6638724416397960	8.4654589831486309
51.2769142242327970	10.9874847212610690
108.4208982249330500	-74.7582459198965520
154.6906696940494900	172.5785748586594400
566.2118377682181700	105.3195606659652300
416.7395081282458600	126.2878548665397700
210.8248260369281300	497.6589674488244600
377.1988858569625900	85.2943061351008540
46.2260040864210850	3.0950627631114527
-6.7503527519482169	6.5230172979948859
-1.1164226232127417	-4.7604657502946672
1.1970546143186946	3.4378256039403428
2.8701899060204852	-0.1253802989212635
1.3452829603228065	0.8415080220179326
1.4265189680333872	-0.8603845694057659
0.2461562060819655	1.0713873908371094
-0.0857479488240444	0.8399072247368321
-0.5987364296796665	0.4939974122556596
0.6842254150217716	0.4890042680232728
-0.1068525346843504	-0.6822372414417248
-0.0608424121593615	-0.7911812305771403
-0.0525189497897345	-0.5624966758305813
0.4920870776325586	0.3616914382063059
0.5775037795456866	-0.3793697123879546
-0.0585603038823422	0.6123271355099514
0.6225777043922848	0.3584731185412410
-0.1972258518772273	0.6708572651693743
0.5262564227478865	0.3441591277668220
-0.1238285379178540	0.6057933178601557
-0.5974987417068262	0.1465375488300504
0.3725936194580870	0.6678798610649249
0.1549758170912457	-0.5070148427819694
-0.0114400520990866	0.5180652409092181
0.8500044866048389	-0.1017948765157307
0.8517975160644016	0.3285548040545602
0.7207277564818471	-0.0506543684905867
-0.7632277606764313	0.1387585550862014
0.3525480778023126	0.8078012877798292
1.0624638963316788	-0.6371360771826276
1788.2869147293538000	3469.2403651843279000
5652.6307486391806000	-729.7353222140442300
4742.8826655065641000	-8599.7811921262473000
6709.6354327504869000	-872.2082289907251600
49.1065167225075360	1304.5293136430885000
2288.6516015634538000	1140.0469070333716000
1948.9679841946395000	1140.4111001509548000
11820.8421760487940000	-7127.5654535057465000
13211.3079248804040000	178.5257571588453500
1834.0799481077468000	12005.6235985133500000
5791.2722211993914000	4028.6930967287867000
6762.1462776616791000	2963.6510573513797000
6858.6058321018591000	-5734.4087510110257000
3745.3118413798697000	-1418.9433712912864000
4715.5996554820558000	-722.0618520375953700
4539.6006145307565000	2167.1373347298827000
-3167.5522208871762000	-5810.6901446251513000
4774.9265502561584000	-714.4733835503434400
3644.3870960869872000	1541.0833442411210000
1097.5770835901626000	683.2288779283309200
