2.6087109579182717	1.0136432116400700
4.5024468088863525	1.3818975515517777
7.0365315786567404	0.5096141164363648
5.0711671163652747	-7.2179716371409262
-5.5799916514498991	-13.0055781192489630
-2.5059028886608803	-3.0026336422038811
0.7735431864407432	0.5090027451758729
0.9103867888697779	0.6216243438461996
1.1138519485574498	0.6313396336136168
1.2936507715996870	0.6155743087038756
1.7262915225304432	0.4677533765421694
2.2574760521788795	0.3169896217013958
3.0790926816807653	-0.2152904657580191
4.1339741720245691	-0.8653712566154325
3.9980706005821482	-0.7501673738746542
3.9534173341369301	-1.6824168557709265
3.5744593009581607	-2.3180905985424882
3.0182719682619497	-2.8115064941156906
2.6094824371285847	-3.4529281497447442
1.9664332947732011	-4.5273647366977281
-11.9055932082248910	-3.0921573126449862
-16.3046556063052850	15.7526540167811890
-25.0113824724801180	57.6724338874085520
-13.2768775864691570	67.9785668041473490
-2.1707858822996990	61.1927795590561910
6.6669132659920960	48.5466583271772550
12.1865484326548080	33.9925961571552480
1.9516469665198040	118.6641680952832200
11.7579415560994280	100.2322142210434800
17.9197752009826770	76.5470280584628140
21.4504428377889590	51.1791976484755220
22.3417630643703370	30.1323889044076550
17.4193749435754450	-0.6659105791804727
16.8184535507363610	-2.2761285414609271
16.1079233966015280	-3.4834712284265881
15.2238064508496760	-4.3539478740709345
14.2462178349148550	-4.9742654580715930
13.1826506732544220	-5.3406419504717864
12.0300901993897630	-5.4286239473157680
10.6340957844092970	-5.7202426557947028
9.4105870149856301	-5.5328686860248117
9.0686477316987766	-4.9022661924570157
10.1331096943359840	3.3575250008149902
11.6953183616345610	8.4085958871552364
12.6492790910167140	12.6751869557610720
13.3396168011101430	17.1526610165810350
13.8536705640028060	22.1037079467780410
14.2417973806513500	27.9771410699449810
14.9726948485991600	35.6836171340341150
15.4063254526163740	44.0707143652019510
15.7361770893605700	54.3797724955316040
16.2896709846738580	66.7034060638639090
17.1178110000568400	80.8298942401303290
18.4419770170351320	97.8518094138340470
20.0131358212954250	117.1138295322896300
21.1077785869174260	139.3104933125028400
23.6360426452560580	165.6744475695641900
27.8165509688863390	195.6755904189295400
30.0231656843146060	233.4241713263505500
30.7840177812364540	269.6127205580810400
39.0937763534043300	323.6760851537825900
41.3350071194917920	374.3714829535058500
48.6054413508733630	440.4055813459025300
55.4412926912268350	516.3715213490900200
63.8127315225631480	602.0949159186648100
71.2584907885913450	715.4051321122058200
82.0655209948532730	821.4377777415028300
88.6712684442766910	964.3828513741223100
107.8927734070295100	1122.4361633906535000
125.2411272358413200	1312.5200013011709000
145.1864262806383000	1534.5762716194829000
172.7015383979566500	1809.0797874906129000
211.2631729577148900	2092.9564983714663000
254.8586976896784200	2445.7893823602303000
312.8283498913251600	2845.5749539735352000
380.8673989774899300	3324.7406753463088000
459.5979356461038500	3879.9454274377154000
545.6199174128407800	4504.2051041811710000
708.8710924515608000	5244.1490428657780000
872.5198628529148000	6109.5909462035142000
1127.6338258215692000	7102.7877666934919000
1383.0400002585698000	8210.7889673931622000
1788.2404267024965000	9566.5189399145329000
2249.1157155854080000	11067.7032383770290000
2922.0810659182275000	12840.3572293573630000
3712.7794686815819000	14855.0533539339690000
4750.3892281247936000	16998.6267139760380000
6064.3057059247467000	19533.6336280159450000
7707.2795031712221000	22354.8201176822550000
9879.0649997312648000	25183.3534705262830000
12512.5289079259400000	28486.0459960749830000
15890.4232383040560000	31756.1746215040620000
19792.9535177489420000	34832.5823050714030000
24314.5680358253050000	37849.4035240828960000
29939.3625565780680000	40524.2591661659460000
62990.7379750659820000	26253.7541361980470000
69719.0754091276320000	23066.1235697972660000
74905.5886397140860000	19694.6566740791970000
80047.0649369181050000	14933.4628005407160000
84501.1030975232570000	10580.1549567958830000
