4.6934740508442792	2.1071481332550994
10.3591921907943710	0.0122898198868558
8.1289696524310795	1.7834309123949159
0.4453317839534109	0.5590353800774397
3.3001558260112471	-4.5558682256649501
2.1645484007950309	-8.7264900251071023
5.2380442658221762	-6.7005835258671800
-4.9420839477135354	-12.3975677965654650
-3.0523893425043469	-9.8406757005382879
0.6705235403381101	-9.5437885159957201
-3.1302731849830372	-11.2589052011426320
25.5088556748981860	2.4628561480201729
9.5345383094675658	-6.6780820097091560
15.1715378401787010	5.4114921566101080
9.9732533545847932	-2.0885817781446154
9.0806571121951016	-9.0250134424094117
6.1131680038558152	1.1018380540576935
10.0000955775255300	-6.1536239580645571
4.5435757312254763	6.1113007477073955
6.8977201668942865	-7.6351748247561568
0.2541793011670533	7.8308482564282453
2.1260049430250860	-16.8413028622992690
3.4575920023529800	-2.2808300034410847
0.0926164813300392	-3.3505267876637439
2.8938730778698143	2.2195370952977029
2.1244182639315743	2.3179973476720237
0.0481108954200937	1.6906521311052376
-0.4086940949124470	2.2918942323425466
-0.3512272976193758	1.5101060305571630
-0.2812631299497186	-0.6782184672490597
-0.4862957228012942	0.1774212310806211
-0.5335873598527775	0.1639749812362108
-0.5983294547344458	0.1730105085202373
-0.5646270291922168	0.1548956161035023
-0.5632054761624069	0.1508653407203733
-0.5509580040798429	0.1228541808017195
-0.5461007361934246	0.1135438048158276
-0.5420450425809998	0.0954456784157633
-0.5379420897995862	0.0859462675711963
-0.5334901624841274	0.0779892561522631
-0.5303397651049946	0.0702047156230224
-0.5258217595975593	0.0646084864424030
-0.5245758730303182	0.0576816456074857
-0.5266798503567092	0.0540556675342473
-0.5171202061182431	0.0567828027105499
-0.5527458352253384	-0.0696606675711887
-0.5147990922364081	0.0415070620077325
-0.5075707767901740	0.0320925369194104
-0.4972907977139451	0.0520626934790644
-0.5102748943214365	0.0363954774892459
-0.5086365126990000	0.0350886852754001
-0.5066830676268822	0.0325278518347697
-0.5047064853695574	0.0308895006238103
-0.4958331945443297	0.0313882306481734
-0.4982961096689660	0.0311549342089181
-0.5003079379618887	0.0294820061815350
-0.4935467688949725	0.0267752984053697
-0.4979171393400269	0.0288175248532846
-0.1520299817347322	-0.4735943160953072
-0.1328353074760450	0.4863660258525848
0.4182721268815295	0.2821125658754523
0.3741371310243490	-0.2662793544701593
-0.4965377411184094	0.0784000733613320
-0.1334718048498902	0.4738133029091660
-0.4216579974064028	0.0308276268057218
0.3905864198903384	-0.2598839373902068
-0.1103320412057260	0.4194816905253685
-0.4432883627032507	0.0221765314550239
0.3433784222783419	0.2286635491159331
0.3967456407980078	-0.2680311585163004
0.3930000221782259	0.2705988362902760
0.3644279006095039	0.2912702789330423
0.3919599201519218	0.2459874385029758
0.3938911881208678	-0.3116162822307299
0.3860241374003183	-0.2945363401710744
0.4136249867918864	-0.2449275070186949
-0.1000787502356386	0.4713337103827072
-0.0430953097017958	0.4291498162430031
0.5039378295321104	-0.2232099183316669
0.5387280435391090	-0.1025009790569736
0.5786989399952932	0.3881042525721864
-0.0041344793312711	0.5306171798771318
0.4212576806945114	-0.3205773488898163
0.2798595387185208	-0.4570168381428809
2513.2124176286306000	1853.8659318606278000
282.0176893815712400	-3748.2502125032343000
2157.0066701385967000	876.2217149463704100
5359.9393752093774000	-2006.0876286603648000
9768.7776562941108000	9334.6994179817684000
7113.6298832919510000	9910.4510913169925000
-5087.6290771833446000	8761.0946218723730000
6607.8949516803696000	-109.4167830115265300
-5112.9243004598065000	-7273.7322496518254000
4574.3955516957094000	2849.9810142970391000
8.3461648562531074	7797.7695306955611000
4397.5413832713248000	1127.0939372691507000
62.8208752790502560	-57.5446284019107140
1.4462006251536408	-1.1416011384917795
5.7387340202864188	2.2438756998039118
0.7081441275463899	1.3862197277767896
