2.3469719873172399	19.5795498473070250
4.9878174430265609	6.8072418498472755
3.8844548676527650	16.3302812706695240
9.5334127919281642	13.7239437766679870
16.3201194457273570	12.6186035173375920
1.0286126249302252	0.2320071678322791
-0.5217845158109946	0.6940736216964483
3.7468127325457594	-15.0534717902621380
1.1923781004348992	-29.7189324403818490
-8.4501429237917005	-23.8132291660404430
70.2400849685247550	-1.7325581384491964
26.1759910742676500	23.9454031036912270
20.8622304948006810	6.6241687541603813
14.8428096520620110	-4.2523778620673163
5.6657221074227806	-18.9513051474541640
34.7900322289394590	4.0920263385481217
20.5873761754860990	4.0805357858899232
5.0998307044859930	0.8745455652617549
7.4547143134139384	-0.1153026866906312
6.3343320696376768	2.3564310726846349
11.7216724397424570	7.2132418208605049
4.9859675964342483	2.0290060327608486
4.0900172902457443	1.6001099003924217
5.6939919666004002	1.1300376173680808
1.7032378040982454	2.7320263588300744
2.3876628768096264	5.3844237137024660
69.0756570775274810	444.8733663055750200
229.4976676033737400	550.4188594300223900
-324.6217869900395400	829.5769067362127800
988.5566068297539500	819.7497292805877600
590.3574349141071000	1521.0644161329608000
392.0080415113107500	1172.3193133615498000
89.6215761339817900	1821.4666142610606000
102.2588982466660200	2114.6673473462824000
1574.4140413625285000	1142.6367139546769000
480.9876280132347100	2282.1767621674576000
2235.1832416593807000	2402.8869646312278000
258.7774025812187800	928.8768679624960200
394.2598159265620000	-666.9269759163754500
38.6484953884545130	-30.6859045163642210
1051.7736698227204000	1274.4223104133491000
79.5246583709489130	-28.8411147029067220
5.9474900502048476	15.8012311755452950
91.3716725623595350	-14.7333425812982170
1976.3568263611517000	1421.1356170309568000
0.4328571949202524	0.2812801412902173
0.8695662526627543	-0.3040943120967873
1.1159207785155980	1.1914013585139616
0.0098062346094566	1.2563260609283518
-0.1623409925328911	0.5597667042781352
-0.1733253065759837	0.5481288584878901
-0.1441327618159137	0.5562507267218858
-0.1297832279675907	0.5379896320120841
0.4614939272531754	-0.3037813385891228
-0.5617752045658310	0.0543091373684536
-0.1503801916009508	0.5373018687094600
-0.1489334873558920	0.5357287905958138
0.4395455324194099	0.2868108030327531
-0.4950191753329422	0.0545293295040253
0.4088694334442050	-0.3037057653318684
-0.5317096842437459	0.0542742501884686
0.4619392023580413	-0.3225471227115476
-0.1367872048683898	-0.4653390964812585
0.4394278269567034	0.2967031709262447
-0.0998208073854941	0.4431405681545692
-0.1210719329777672	-0.5007912389272260
-0.0940416919688240	0.5078085279618503
-0.4589752442166946	0.0657681668779391
0.4211205754462833	0.2381677125558678
0.3976311265278179	-0.2726828258264642
0.3661112780542634	0.2647845912718881
-0.0527173284405728	-0.5236137748484885
0.5114501221770598	0.3258870389977113
2193.5883732099724000	-139.1888485545540600
3616.5175220108572000	-3683.7485702818308000
2316.0704141612728000	4477.1991164078045000
3306.2328367351065000	-4123.4997335590042000
1847.9111919297543000	-1704.9355231182885000
-3723.8788593932873000	-3821.3420514616087000
10692.4121367921200000	-6527.0639223142625000
-0.0372699958224688	-0.5657450246790283
-0.0325481355559803	0.6224274118014574
0.6374164781447276	0.0334870141018832
0.5264562462230076	-0.6367059557583131
5745.1145512539688000	8099.5145961360076000
2849.3138094237515000	-3335.4978947186728000
6232.7184662804284000	-1867.4957790068270000
3235.0606081113701000	3160.8255747437915000
8171.8586172450259000	8352.4757365741825000
5666.9184324716489000	-410.6959921621531700
2300.2486443967682000	-3668.8284798561899000
2874.7361516158735000	3295.5262299145729000
5152.8645681297176000	-3235.1381659570065000
5973.8853961401428000	-1950.5912597868876000
2822.2915577054705000	-3386.7040709898574000
4663.6990433828123000	434.2691495158900900
305.8907410766864800	-4043.1154311914474000
-189.7988020458549800	-3831.1348522967173000
416.8767042221757000	2702.0570006953644000
85.9300126805399880	707.0718951788472900
