1.9015080665209425	2.7153685879740057
4.2871899061251701	4.1278517171101177
5.9057629460947778	4.5866720452296548
9.5612348819906980	5.7594684840552013
17.7497329246818790	6.6631503258308227
32.5374391375626430	-3.2963971073992049
1.0483126007569643	-13.1460213671330080
-1.0481536322115526	-13.6215828440678220
-3.8016903950852616	-16.6273813171183560
0.9716357612562282	-20.0352585743416220
6.7915697146875340	-13.6752646713135030
0.4197967319909936	6.0911491420324433
3.9760901532836077	1.3099110345169676
0.6672459585973654	-1.0160162847555292
-0.0556640367915100	-12.2643010539462070
4.6382117887302323	3.7565403927597316
-2.4885748022352630	-3.7546328147645327
-0.0000979979490340	-0.1029743392201087
0.0051430327821818	-0.0167036602281700
-0.0050338934323302	0.0210090210277743
-0.0181768254452552	0.0038073502534078
-0.0173491815612550	0.0055712280218889
-0.0156111899572728	0.0086268958630655
-0.0124859708201447	0.0098912222522801
-0.0119278893007383	0.0095969070034349
-0.0108629340964036	0.0103067317617520
-0.0084064035546343	0.0100851330616358
-0.0061914450949512	0.0091407405107232
-0.0046270721431051	0.0082440860135111
-0.0035047581610783	0.0075524772106744
-0.0035770455390479	0.0065531466859945
-0.0024211737583440	0.0057356204705640
-0.0019638995165773	0.0047837086802697
-0.0014821673586325	0.0042693773379498
-0.0011962784018094	0.0036724994332711
-0.0010065261542505	0.0031870797458582
-0.0006968211917328	0.0028260723707373
-0.0006158148830369	0.0024116090822488
-0.0004954133397497	0.0020921861852205
-0.0003925769231530	0.0017920792784243
-0.0002930148229100	0.0015813539218420
-0.0001994015528153	0.0014032511358682
-0.0001114551521083	0.0012623034338597
-0.0000966339563811	0.0011388876420338
-0.0000142982229858	0.0010159604284862
-0.0000440353538404	0.0009099643280259
0.0000001694394945	0.0007760819824385
0.0000284768494689	0.0006983401510992
0.0000477941657896	0.0006018229986081
0.0000825099692086	0.0004911348774674
0.0000781318827825	0.0004633954360398
0.0000802733145917	0.0004201573799112
0.0001242902827561	0.0003268647670974
0.0001302034551373	0.0003036541211017
0.0001485644024710	0.0002686207861073
0.0001373310416926	0.0002113632075160
0.0001465729510446	0.0001408968233210
0.0001291195054466	0.0001127301490439
0.0001417161850415	0.0000919442379902
0.0001352159667167	0.0000299505628199
0.0001516824179570	0.0000381829127366
0.0000423050005306	0.0000180156102271
0.0000868225683737	-0.0000669941223446
0.0000844530725488	0.0000263342268846
0.0000648387115660	-0.0000512972355882
-0.0000111243891614	-0.0001053560993737
0.0000833359893757	0.0000037764195602
-0.0000125907589521	-0.0000847168463208
0.0000759506029081	-0.0000276669713467
-0.0000588910915564	-0.0000496124090478
-0.0000826020635754	-0.0000650586639015
0.0000298100587905	-0.0000552201808486
0.0000317328210655	-0.0000965551667193
0.0000862564465412	-0.0000190917138638
0.0000069105426650	-0.0000669394349446
-0.0000079125644082	0.0000505102818649
0.0001053299199968	0.0000635241738314
0.0000803836054266	-0.0000431112212493
-0.0000027938191865	-0.0000800685898846
0.0000586349911527	-0.0000279604922345
-0.0000927731261974	-0.0000639611144205
0.0000405497106148	-0.0000939196058756
0.0000611644682382	0.0000305463306720
0.0000393616710972	0.0000853882776462
0.0000727336309642	-0.0000364677067416
0.0000655947938457	-0.0001957653666237
0.0000915178491606	0.0000558075293290
0.0000484947437124	-0.0000875089468501
0.0000661135346797	0.0000432302256721
-0.0000915194641473	0.0000696228501100
0.0000819824892747	0.0000350284559913
-0.0000022372516738	0.0000753450940614
0.0001138105131784	0.0000764289947801
0.0000882097666047	-0.0000806675014395
0.0000496989656798	0.0001439514147809
0.0000633110842718	-0.0000257597553284
0.0000724775990997	-0.0000531253963047
0.0000581806766706	0.0000343380271618
0.0000973041011358	0.0000637497008527
0.0000642726033834	0.0000333104682232
