35.6951249088960760	3.0107410044149860
-6.1616827046240896	21.6410775310779860
9.3671959703859144	24.4006889158628400
2.0425207441659889	0.9155197645881262
40.8335207943009380	-39.7404864093125880
141.5890141334943700	46.2785651927808890
57.7271945104492520	-15.6930864355642520
40.8031578232102560	-1.9659124392546183
52.3171236595810360	2.5942074019693049
52.5434323228889260	17.6386232683064070
34.8646973092995300	5.1717728396077129
103.8123719423499100	-23.8648565075797450
68.4901195283616600	-54.7716172389962350
117.4087030253005300	28.7620117983195590
-19.0959343164703870	85.9135582351596840
113.9249203010342900	-100.1330378488893000
0.0914503007711137	54.7171360502069890
10.4180650610103880	3.9437589959130497
0.0630694600970003	3.9672150939759905
-2.1374230015382372	1.0353775944565773
0.4262822742232553	2.5897566489426986
0.1915571384699286	1.5233548722740877
-1.2464586456472095	0.5881423809586150
-1.3269838506037608	0.3113101215695491
-2.0040499876446418	2.1350057417947927
-0.5525524368361094	0.3953910155217408
-1.4958636897278643	1.0558336364757006
0.6824961614381413	0.7985733839705007
0.8565878947893424	0.2416432890222219
0.2571860009664422	1.0839658490593089
-1.5970380698208209	-0.1359307774753343
-1.0045611553444616	0.9535572651675049
0.4322955857969194	0.4813653788222194
-0.2935883076406095	0.9776937976560264
0.2426196822882960	-0.1508700755589818
0.1760424784247030	-0.2449089260569514
0.1862882987547048	0.1852631250642891
-0.0661319667411936	0.5630147869488702
-0.5787288367293871	0.0894519193354532
-0.5741524085428743	0.0800580496267637
-0.5701079856790252	0.0723393634366284
-0.5660644562301004	0.0654981426012671
-0.5643226738408230	0.0604500043591574
-0.2637851292201099	0.5144185824413817
-0.5591012149427774	0.0483934772149549
-0.5550957356175850	0.0463185808873839
-0.5506640020173386	0.0441676549664018
-0.5295310264602320	0.0511732522957184
-0.1011264102589873	0.5643873549708437
-0.5462253735621682	0.0359160494912454
-0.5445629045333225	0.0299859235980021
-0.5383327695779439	0.0324461109654009
-0.5377664724682304	0.0326640357507429
-0.5290607222056798	0.0291323082470311
-0.5290916987266110	0.0327600873239689
-0.5304404476515922	0.0322515280023124
-0.5317199347252535	0.0295528761769539
-0.5301621205019975	0.0201439988679634
-0.5095875556493473	0.0288196396506938
-0.5241998637309401	0.0160222561406625
-0.1330681114183069	0.5110583055717680
-0.5088026698795434	0.0374760734354268
-0.5054932383407393	0.0417810929893981
-0.5144647732832938	0.0148776581194834
-0.4794761154853518	0.0471027059791769
0.4088948966783534	0.2723154878735485
0.4254535172552210	0.2773505180654705
-0.1441359047293621	0.4864047020525965
0.3823617363036054	-0.2724642397900154
-0.1410371553515779	0.4920537283735209
-0.0946499998250087	0.4491742815090812
0.4279720639046755	0.3004553732453561
-0.4732752328181537	0.0289107116327444
-0.1364796186045906	0.4858830494987205
0.4122656889074279	0.2985046070250029
0.3941341371047101	0.2794306627479652
-0.1532012350568433	0.4651382987994374
0.3747533621202134	0.3075496318796522
0.4092020920050647	0.2575295705366176
-0.1296573151857785	0.4492965597715117
0.4755723056304085	-0.3358120796727048
-0.0878812933724818	0.4988174210230902
0.3674270301186786	0.3987905169356578
-0.3218103574139934	-0.4637324791314900
0.3453997586469620	0.1967294248773993
0.3689761831565095	0.2729732135824133
0.3304797784531140	0.2270376890589781
0.0506231442849162	0.6678249111122663
0.0094075111028120	0.4425496299083401
0.4005122225643534	0.2893427285504354
0.5977617517386857	0.2388792510211950
0.4106876473586245	0.5039435032433791
0.3372484953148719	0.7344802575332935
0.8949420090116602	-0.0330284629918964
-0.5998847200768186	-0.5053883864948781
0.6064500514933667	-0.2749162239473670
0.7455102284472354	0.2223147209943550
-0.4399728243117275	0.0189885319467044
-0.4509204989404033	0.0230818501643055
-0.1336481553724737	0.4364709748800723
