2.3162698840466582	1.3717386213698388
3.6671494703257874	0.4677126007032255
6.2318098240265742	-2.1401349562900038
4.3538383160151648	-4.9455161190138099
3.5172571987261549	-6.9733602261975332
2.5742937870221319	-7.2104267382436804
0.4928098512947379	-7.3259009725423052
1.0411779655127831	-9.5248607236726865
2.5108974039076379	-9.3044451185617998
-5.7164280660087652	-9.6540738263379957
2.0865075342107389	-13.6518511572372550
10.9920907169615210	-0.5291977631913619
6.3817715918700619	-7.2135903920085465
5.1360533951806389	-6.8688680832398683
0.4288656380383415	-6.0256668360991990
5.1462049746522434	-2.5670173466402746
0.0625602843870165	-0.2106575967188212
0.0439559954974023	-0.1308726952278403
0.0348264982164604	-0.1113167449207294
0.0402545926591537	-0.1094706555615054
0.0449105838946362	-0.1084288791440994
0.0444053135352876	-0.1034721819398971
0.0437259920917170	-0.0978916833853087
0.0431563280203300	-0.0917522645592031
0.0405393043522441	-0.0842789409159411
0.0390319426006355	-0.0769291532113534
0.0371347697380157	-0.0707909662607970
0.0354668424468558	-0.0647879988120875
0.0334820382804909	-0.0596914417180155
0.0313519262931252	-0.0549408129512202
0.0353339008194811	-0.0550828252626600
0.0361924205761911	-0.0545718310140830
0.0357167366865805	-0.0538867727722707
0.2081399212463192	-0.1777280650415080
0.1332314485066150	-0.1532938746154408
0.0777442915303852	-0.1167028885515854
0.0443216158000985	-0.0908122181391202
0.0232217022309689	-0.0710801672320251
0.0257120529063598	-0.0414899869808513
0.0036662805831475	-0.0431950797339990
-0.0008640662199694	-0.0329146752806763
-0.0032124168608898	-0.0246688946275215
-0.0040448564030041	-0.0182436558390743
-0.0039555677464320	-0.0133143880843577
-0.0034116957888844	-0.0099702640215417
-0.0026768495528846	-0.0082197972323878
0.0324176155529506	-0.0060579107900942
0.0288109434864055	-0.0057788124339565
0.0358381550562122	-0.0054703415100259
0.0430261894761906	-0.0065745161118143
0.0491655854676234	-0.0072080405906794
0.0544273269451955	-0.0077205321100987
0.0587707729067052	-0.0085326882279982
0.0624459317107009	-0.0093015707960712
0.0656690743021292	-0.0097269561915422
0.0677892059778514	-0.0114072054245889
0.0701655630025851	-0.0103312352530119
0.0723018128069025	-0.0094095950483029
0.0748010632668518	-0.0096275738179348
0.0788546326966458	-0.0081562274602820
0.0830846596451930	-0.0062288013341561
0.0898379938010253	-0.0034897425193802
0.0982643417525514	-0.0022229376879979
0.1059814195194087	0.0002872491394829
0.1141701619058063	0.0021837717444668
0.1230728795061651	0.0035257072755295
0.1383313107510657	0.0045549198118715
0.1495659646011580	0.0041209490040221
0.1500584377384345	0.0014300169162419
0.1617319530744542	-0.0001892217812081
0.1756642370883554	-0.0035243254562448
0.1934269760669485	-0.0072318141743365
0.2076764133688682	-0.0116914907438759
0.2155471517448474	-0.0164871197645256
0.2213650531386950	-0.0197341411210071
0.2395703813985060	-0.0255587866435961
0.2412584798712619	-0.0291503409709871
0.2349585007696380	-0.0309612244203813
0.2386636690530466	-0.0340855666647449
0.2441995196067178	-0.0366934406336001
0.2653285152720968	-0.0446232368474059
0.2716924962518375	-0.0462487631531766
0.2584839521684838	-0.0455664943520463
0.2685888913157338	-0.0491241865130891
0.2797463615497035	-0.0536785103803584
0.2805929985411736	-0.0553178079888103
0.2815664334086218	-0.0557216998845256
0.2931928924855252	-0.0598356175677359
0.3048262569289013	-0.0628360028308119
0.3224388826177078	-0.0686411442974169
0.3214526453140849	-0.0666617303340433
0.3068670130069211	-0.0647381174799285
0.3139326572468753	-0.0667605004816519
0.3159475238088895	-0.0672329349543903
0.2916500456581384	-0.0591247634587587
0.3391569989903485	-0.0751696350122993
0.3360266982508178	-0.0746185990572626
0.2394278056876781	-0.1265635399685684
0.3200717966466252	-0.2080510749034925
0.3298552656591363	-0.2156232425892506
