3.9512596240199760	1.8231201849126730
11.0066603005848900	2.2492829058542458
9.3626951632391329	2.8771038244498905
2.6831584389999463	-4.8675811087470677
5.0354907413643311	-5.0951582856838975
2.3218345489282783	-4.8595785718063640
-1.2446136766728095	-6.5629902666014939
1.6486848629719009	-3.4489621454980841
1.4862009117486992	-2.9155257402278321
1.2768501176942564	-2.5316760733778572
1.0743042548699890	-2.1428212775449853
0.5694273735948721	-2.0390191125570922
0.7646585697961138	-1.5877796122998939
1.0989505216922129	-0.8589331782935099
0.6258320656464734	-1.5444961198649154
0.7821564418772133	-1.0422139112358773
0.5859271730723235	-0.9008569344293552
0.5272211309588180	-0.7802793295792380
0.5004092202123194	-0.6753852047953454
0.4620921000648071	-0.5776105253396602
0.4317105472548461	-0.5010904562424114
0.4025150278630423	-0.4397973817536762
0.3824193244453483	-0.3800857744650644
0.3742739590681746	-0.3390133349380254
0.3561999078282015	-0.2866498334054086
0.3548093248092181	-0.2488505856721524
0.3417303609801031	-0.2153104904145748
0.3353220888435101	-0.1849097481762903
0.2753241390717062	-0.2471537914401770
0.1370290793256442	-0.1670693841882054
0.2082978331288336	0.0307782959960461
0.4599456421233270	-0.0594754253149768
0.4648489477602388	-0.0614581719829403
0.3515882531407711	-0.0586891155363719
0.3153864157186972	-0.0914940225329015
0.3148685630848005	-0.0694148251245700
0.3104756763587933	-0.0618915564827879
0.3090379939400984	-0.0552881231573369
0.3066004759899812	-0.0495782447569807
0.3047383093198637	-0.0451134193798760
0.3072790672632451	-0.0430046133037479
0.3016183495679735	-0.0378412244220511
0.2993004599020553	-0.0343028559789195
0.3077454468246255	-0.0415920352335138
0.3076220196906235	-0.0232699999434752
0.2877221739326349	-0.0287316815248130
0.2925451283645100	-0.0246830605984948
0.2908332105946481	-0.0249500522407988
0.2909212080095572	-0.0201671534927705
0.2879952149721208	-0.0200477223141361
0.2856401080833993	-0.0130208716340939
0.2921697871694624	-0.0097060388885274
0.2906714817878047	-0.0276190859264771
0.2653939517295367	-0.0137795754427929
0.2733643334580633	-0.0152864126036610
0.2812177243932153	-0.0145084471723490
0.2759121264045948	-0.0151706664709664
0.2797853028389245	-0.0111772695907862
0.2770101451350079	-0.0146721962991442
0.2746081088664992	-0.0081119559183954
0.2719051713042811	-0.0166628032197185
0.2795134446488040	-0.0212963835405901
0.2598758507081581	-0.0143499467056863
0.2683493470690319	-0.0101778495551305
0.2628283507096672	-0.0148022751535136
0.2656394965751464	-0.0202147743661774
0.2534293597611778	-0.0282079955579654
0.2589873804361387	-0.0409782808427461
0.2616212079830546	-0.0212745881266616
0.2604121886181204	-0.0178844267404193
0.2538903797677481	-0.0232093541036682
0.2667262519176872	-0.0336439286209121
0.2479228341437623	-0.0314516020935342
0.2831591816902806	-0.0109290294953407
0.2694785853269540	-0.0492760480064522
0.2308397088818305	-0.0603759373532497
0.2378957039532957	-0.0336595964905267
0.2152835410136940	-0.0545538815878239
0.2714119784554996	-0.0504957133007670
0.2540085520219511	-0.0631155422907137
0.2148214053167029	-0.0758052562968367
0.2284316707130322	-0.0813702462954165
0.2841820910435299	-0.0278448398005892
0.1850764803904135	-0.0683593297947534
0.2319283839241516	-0.0727663451144399
0.2505193637119106	-0.1325906212201147
0.1582148120859983	-0.1792825911664937
0.1573084237612424	-0.0008848144712182
0.2004297897110048	-0.1890837292269064
0.1906288950418038	-0.1309865362868724
0.2087792048129039	0.0145861118662530
0.2577925348975679	-0.1290180945516736
0.2476427147858568	-0.0047596053179495
0.2090471319723483	-0.1756272521860439
0.2168893611015773	-0.0254542683979143
0.2202873315252352	-0.0909091053621654
0.1740165042985182	-0.1406288387777696
0.1827700087470217	-0.0478766006050311
0.1058785721261189	-0.0615664655003916
0.0392675255041273	-0.0464978094292606
