-7.0828690231905602	-20.8041016191769690
28.0034423864204140	1.3976515355650929
43.0633212892266930	-1.9719360591538522
-0.1264578627850506	0.7820608442170696
4.4714289931145235	6.9962171963454756
27.7155958612813120	-10.1912963961349940
6.4325078242390044	-20.3130409231490350
20.7035468493107830	-18.0008086802515310
16.9771025962170830	-16.7521935507950420
23.4539548377447280	-19.1172998140389050
21.9477588102944420	-29.0249485857981000
40.4219910946835910	-1.2082803364786767
50.5031381531863840	4.8734417829517014
70.0625787423617230	41.0446737158771810
9.2501018619386794	46.5976938749055090
63.2549716188785350	13.4853612168304910
14.6732349331037370	-5.8697232951459970
5.4756524384980167	11.9730718839559480
-0.1132167057650310	7.6711609586200007
2.6987299432198859	6.4239040207454634
7.0227747458792509	-4.3525695184918707
4.0849896335360922	2.2422147217089017
2.0058292681259684	1.0723091911711822
1.6448862748010491	0.9081711912184843
-0.2928105764335434	-1.8789527334821265
2.5477955262466181	1.7647930561860086
-1.3034917423018422	8.0015849945523261
11.1354681584926050	2.3250729444554907
60.4319508607761620	-9.7473416294288988
-4.1283339933661294	5.0205915304853050
-3.5980163626261743	1.0336305332607203
-0.3724221242484249	2.1523288261575844
-1.2100656559490519	2.0749120380438613
-0.2605448536786229	1.7719583974440880
-1.9702235436968436	0.5816042618657694
-1.3853774806037169	1.0676455784274546
-0.8379967969234629	0.2531838607494136
-0.1724553116959865	0.4322129719852729
-0.5692716728943627	0.0876760195674547
-2.0565856374378990	0.3017591843469517
-0.5624596313285348	0.0718758771149383
-0.5588445578991673	0.0635388416208491
-0.5562658132677744	0.0591177496453786
-0.6727841438976743	0.1881807442954775
-0.5536839998067423	0.0526736751758941
-0.5490849820356236	0.0454891702268643
-0.5476901228328378	0.0401779034553225
-0.1235314038283994	0.6189697535045079
-0.5609008572655372	0.0958382748183057
-0.5419061309516863	0.0352369395811549
-0.5348905495006963	0.0349284774381255
-0.1241659499185229	0.5216092812581645
-0.5370731047431345	0.0280195923070520
-0.1407046182163559	0.5265966943608444
-0.5243667600588703	0.0299453343657268
-0.5314682675484960	0.0269284054078173
0.4399292255081542	0.2892518446207392
0.4410815486163972	0.2843266510312812
-0.5456342405865416	0.0459829532961714
-0.5062167884646194	0.0357214059988127
0.4158530210058714	-0.2961866665896814
0.4393869319130397	0.3126614214196935
-0.4857166289418137	0.0489955559221035
-0.5081973158454963	0.0125990911311068
0.4279781127370124	0.2919025172787977
0.4005901160309821	0.2622118868556576
-0.1033970662406646	0.4830799902108893
-0.1165069789641458	0.4944116987488216
-0.1163282142447690	0.4178710451040931
-0.1582432979266819	0.4857788241393381
0.4460848389403295	0.2512492878955343
0.4408775165321638	0.2813769721763092
-0.0969590635766593	0.4591354321051974
0.3835341347653728	-0.2467572394965771
-0.1443557599817085	0.5161467029051046
0.3841287091235344	-0.4120122289468443
0.4381188904530762	0.2184548960233076
0.4970350717485900	0.2688099654306509
0.5977861960791133	1.0255257767663739
0.8261433193415645	-0.7123244033966875
8158.1670532439639000	-10116.1781553478320000
5322.3768037454729000	-7097.3109033857381000
4438.8254208258613000	3957.0378252728810000
3.9766505761466648	-2.6099969524840012
2629.7735592682911000	-3978.0971656048969000
1700.6694444174138000	4633.5650266006905000
3.8785920954789228	1.8264996576649886
13.8460717361878470	4.1773191032375365
4.2650001992663213	1.6272197832207429
4258.5128986242689000	323.2949978398970100
1.9652515716650065	-1.1327804825779086
2.6561376280703044	-2.3232848444121914
3549.8256181117304000	1073.1682741830930000
2487.7409838321905000	-234.8790697515246100
3.7927316541957579	1.2732582511921748
3.2995853789520786	1.4670730406312551
4.2935896949623551	-1.2826149299935734
1898.9004096621175000	168.6258221871198700
-26.2904844906824310	77.4988041519879120
54.9457443401882130	7.1901487769102443
