-15.7090984843591650	-13.0964896245160500
-18.5334469738932950	15.8175655073800080
16.8981928393526030	81.0829242311275490
26.6259985668667520	61.3738599541001620
10.7143558352601240	34.6038309631537690
16.8663755491708400	-44.5678690500590380
1.1707976634243427	0.6274335329633820
12.5604288782786480	31.1413174059918490
14.2937590771751410	42.7138058052912870
54.8885712709535480	32.8279847706403700
41.5120774467998220	42.9258985664909570
39.4602248677696890	43.0056640291732750
49.5625358860561960	-27.8845468433484600
99.1555876957366280	-30.5928867235823920
141.2402757073056100	66.0487880758780790
103.5392338742312100	80.8990650767126880
29.2498171827976460	102.4718522329182100
24.2504053998657020	46.2482817730522200
6.0098468133373109	11.0432158682115150
11.8560343661858120	-2.7413412339415077
-1.7148473573760838	28.3571323463407730
13.2286214246742290	-1.5274490308145647
8.6062759257651731	2.0876107750962452
1.9470269516664889	-2.7869558039221820
44.5672913019319950	-10.1127377083575210
8.9210118707558443	3.9735685228262994
2.8163864583938039	-1.6330818971374566
2.2245428225960580	-4.1843911215405960
3.5445398640110626	1.1384710155668700
10.9668453689966460	-2.2190686618212063
10.4670177928078340	0.6412271588260846
1.8424852733589050	-1.8945224955833817
4.3656024865346801	-5.9038350094964072
4.5374970017428042	2.7971277419670253
32.2800742583339400	-0.0178297168333560
2.5629249557276945	3.1625701992742457
24.4817954082415810	3.2529692905105021
-0.1826825514974989	2.7009851761852723
0.1257716197748705	0.7341965793321478
-0.5405565159813134	0.1246304065085904
-0.0847562720009018	0.5066005420043763
-0.1186701028399269	-0.5427649551147723
-0.5454460792479174	0.0624669095014463
0.4476998692715122	0.2525584382181738
-0.1249324628049434	0.5400727855391618
-0.5448896609968955	0.0480693180622860
-0.5320342103203154	0.0428902638704192
0.4168002222623702	-0.3026344838519681
-0.4449455441162565	0.1264326313739114
-0.5229152160406018	0.0304673677890630
-0.5322569407530223	0.0279444545514563
-0.5226806881431702	0.0309981206196111
-0.5183018417212550	0.0298964266215096
-0.5282839489984370	0.0216694866920279
-0.5124332639262332	0.0240916639752322
-0.5165060655716668	0.0290860404326567
0.4288673094501509	0.2789307427389811
-0.1323055180903092	0.4961531034458348
-0.5314322421275020	0.0408108510263361
-0.1371618116222097	0.4732543715339170
0.4375937398289609	0.2899026173571591
-0.1444916372497849	0.5246187258146610
-0.1315633216331963	0.4327240040741917
-0.1331517581054646	0.4796237684151357
-0.1126014239200271	0.4450116155258010
0.4312372633243402	0.3060095270064355
0.3953454945288276	-0.2744768295223979
-0.1087465691760419	0.4397112748853245
-0.1257483548002208	-0.4749172886034606
0.4109394751574336	-0.3189110752173970
-0.1396562818920760	0.4545430377988831
0.4651328370131373	0.2852702842182603
0.4007701041727088	0.2594052884562643
0.0373592321849002	-0.4476233502730180
1191.2782334863896000	1008.1763201311837000
1303.3587136200417000	7640.1245944295842000
3358.7346434362771000	4538.8391658575647000
-724.6791391630552000	6066.1306734019772000
9599.0824333780911000	-5058.2458466053840000
6583.1345777966026000	-2309.0831398980858000
5399.7463137483492000	3077.8079782151349000
3541.5439875480884000	-279.5171037223627200
205.3823505396126700	-4760.7162636669773000
4247.8901770958209000	-5181.5016710642540000
1299.4159421597715000	1361.8340600919155000
134.3772729645676800	-1482.2031134204792000
3339.3295089500339000	2081.8797924057485000
9414.2921226470298000	-3020.9992860560556000
5236.2654532202432000	86.7157693422611690
4374.7522696444639000	-7092.7802290565669000
-16.2402473649493650	-8818.1925864668101000
10141.7309662908540000	946.6328735841988200
-3805.0925498099268000	-3979.7713083098165000
7244.9402206160730000	1379.3136343926292000
6032.4103344724454000	961.7580629016441700
4705.2211757539608000	76.7378557078458390
5795.6038014199430000	-2023.4675723884361000
1149.1474766439731000	3430.4900262123374000
4069.3345117787148000	781.4018792064097200
1906.3931717113105000	-67.5225587840637050
