2.7309906774797397	1.3172584391860835
4.4624975963182347	1.0827185220795956
8.5148109606593199	-2.2048831056274496
3.6568890877089877	-5.9936016060173394
2.9254337314568177	-6.3629635599256265
1.1649917515461676	-8.0708567841195666
2.6900469023000579	-6.6893586292632978
-2.7299034664657409	-9.1188290691778775
4.7997776869309066	-7.3023221667775084
-4.0675376000790262	-9.5748516871123179
-9.6526280298668397	-8.4105907989899649
5.7475626687008425	-1.6702249599815060
-3.5515082988621969	-7.8363306421417729
0.3054781489414684	0.2509602738351956
1.7893041125931886	-1.6625607798133326
1.2246829785993210	0.5578923342569661
2.2636344014673453	-2.4907790533659435
3.9863996584061461	-2.0492448909213210
1.3881119387603618	2.8709317940820269
-1.0723592580011736	-2.9134887366907205
0.0255184064362023	-0.0529423279097487
0.0159063876774167	0.0059736116793215
0.0053421339059858	0.0149388996047120
-0.0126163002809459	0.0091929086562932
-0.0120545703065288	0.0095383139378486
-0.0093773760426405	0.0118281877051500
-0.0070551027657715	0.0108132452048575
-0.0061925588305486	0.0101639708925764
-0.0047239498254015	0.0088714092589758
-0.0036549687833629	0.0082906885885227
-0.0026931776906917	0.0071933573570363
-0.0022904246843837	0.0060267679293312
-0.0018893095090475	0.0053356275167994
-0.0013599474476155	0.0049810259607153
-0.0010107984527829	0.0040637052024579
-0.0008347345339690	0.0036377345277350
-0.0005825693995223	0.0028410498965246
-0.0005347369208060	0.0026502468675967
-0.0004253203323206	0.0022990942833378
-0.0003586715687879	0.0019159006210924
-0.0003335385226387	0.0017363159988014
-0.0002024606045155	0.0014536765660891
-0.0001842993828964	0.0011962239371234
-0.0001024757650449	0.0010813231243778
-0.0000140036001792	0.0009140807826354
0.0000072313675201	0.0008693095266868
-0.0000622775953800	0.0007370399055658
0.0000575230907767	0.0005985091420757
-0.0000301764959140	0.0006516090486607
0.0000249193132087	0.0005907245066853
0.0001355970847198	0.0004756327752490
0.0000759392799557	0.0003196440619424
0.0001838138794488	0.0003744263491992
0.0001085745650373	0.0003090741325396
0.0001012743002235	0.0002199757482142
0.0001627599240522	0.0002195617316518
0.0002240369587044	0.0001481912545468
0.0001323533068368	0.0000980202410994
0.0001404484115116	0.0001010318122965
0.0002280785501230	-0.0000080432854929
0.0001010527246942	-0.0000383207803986
0.0001061581737325	-0.0000122320987699
0.0000753437647940	-0.0000235382552663
0.0000592720790635	-0.0001068467831016
0.0000317123643131	-0.0000686140631204
0.0000391632208271	-0.0000903470690344
-0.0000246991424555	-0.0001011820591214
-0.0000473066816773	-0.0000687860931375
-0.0000430808901762	-0.0000995790255424
-0.0000372183338067	-0.0000996545580623
-0.0000170954822072	-0.0000760974453021
-0.0000454898186402	-0.0000352170959765
0.0000315095927264	-0.0000960037698649
0.0000612809722700	-0.0000461500703705
-0.0000194193716819	-0.0000786765214553
0.0001182916056619	-0.0000396703855127
-0.0000846243760711	-0.0000410935202311
0.0000924009625249	-0.0000410550637822
-0.0000167459976465	-0.0000677243837755
0.0000763505105550	-0.0000554844072335
-0.0000182025062706	0.0000959100209004
0.0001045545613131	0.0000523335811697
-0.0000599167818871	0.0000231181846737
0.0000415847279311	-0.0000507626260630
-0.0000840692679391	-0.0000332126127857
0.0000824019362584	0.0001647961608932
0.0000799369212628	0.0000259729771847
-0.0000438572981672	-0.0000298762261765
0.0000557160761664	0.0000300881014427
0.0000938295404184	0.0000644420649462
-0.0000225986560799	0.0000917310789548
-0.0000066177742721	-0.0000766002312018
0.0000000772241940	-0.0000631263500160
0.0000633268016417	-0.0000460442394320
0.0000626903652619	-0.0000410122424181
-0.0000184739321438	0.0000664616130879
0.0000544650163476	-0.0000416298236442
0.0000602614221533	0.0000352144441543
-0.0000189667781770	0.0000734821740640
0.0000567968879747	-0.0000339737220795
