3.1811404823005023	1.2406097001502288
4.7891956713868256	1.2483580439093509
5.8240337414509060	-2.0922474944530847
3.4623210226287422	-4.4127711835155132
1.5704648174417426	-6.2818949472174515
1.1772264354740676	-7.0982120988368989
0.7511494130917058	-8.0104032704734234
2.5178792812804800	-8.3956905198746075
-3.1479669371278951	-8.2109045456921930
5.4781067646066139	-6.7581715717887709
5.1862935366292247	-10.8540559453688540
3.0813381213489985	-9.3154785151461432
14.0448196116195710	1.4011459129376400
8.3714576569014518	-10.2354751832397300
9.9562389596722074	-3.4130963847040379
2.8868485143370077	8.0404935985842592
1.0737429258205289	-0.3735844481544275
0.0532288709034119	-0.1378572361686882
0.0350245926348499	-0.1096038549434688
0.0394666165597313	-0.1066146346272135
0.0427559184509374	-0.1048069582101156
0.0442464042371960	-0.1020728119210313
0.0435563333522692	-0.0965130761798722
0.0425291158643614	-0.0893993089181443
0.0397968347967026	-0.0821325937991006
0.0382326214643107	-0.0756519898704593
0.0368936888606394	-0.0691555127301605
0.0348626399334181	-0.0626573987997186
0.0326729647181493	-0.0574282908424628
0.0304014576372024	-0.0531954854839795
0.0292986003069509	-0.0502967697330837
0.0347036978919611	-0.0525076942252401
0.0335950455923784	-0.0517083437256067
0.2040978850914607	-0.1721629046042068
0.1299672918925140	-0.1486563227384293
0.0758569552825823	-0.1144779426014376
0.0432253433814697	-0.0892777203263003
0.0228064624524367	-0.0702448338609451
0.0073041379032857	-0.0692898836540616
0.0034254351775756	-0.0429322521704704
-0.0008981115804366	-0.0328635838043882
-0.0032320801651540	-0.0247196953697340
-0.0039953709671929	-0.0181054316636424
-0.0038781695632546	-0.0130662144252082
-0.0034301855242069	-0.0099124592030873
-0.0026768814134221	-0.0081266389486914
0.0323401055354396	-0.0061291326472599
0.0294907411464906	-0.0056133508000968
0.0360450471572961	-0.0063053101093499
0.0437059569242825	-0.0068192399875383
0.0498734860553761	-0.0071645111396342
0.0549073805198477	-0.0076904683708788
0.0586232018807233	-0.0085032600121457
0.0622134449822386	-0.0094704560957106
0.0651986245430686	-0.0097511061526913
0.0676158433093091	-0.0101391376066169
0.0690874850940958	-0.0102165403896794
0.0716654375650116	-0.0105673593213143
0.0735467713426684	-0.0097257020907186
0.0775189552522675	-0.0083763910199395
0.0815860648844093	-0.0066350146310605
0.0874891640308531	-0.0045201772961230
0.0956016731408012	-0.0019773885648896
0.1049723429898587	0.0006240669864571
0.1114014298900418	0.0017933034863898
0.1174086778860742	0.0024506760952030
0.1294926831814715	0.0033742731140452
0.1343479146287642	0.0020792133921088
0.1469598733470938	0.0011525977343394
0.1533123765926804	-0.0010843169497503
0.1685067544998249	-0.0045575233425067
0.1872097823476474	-0.0074289146302847
0.2003588781718935	-0.0115042009494772
0.2143719550796564	-0.0163719431633872
0.2210793481132901	-0.0201980539915587
0.2200634859780270	-0.0227278873724420
0.2191798317931641	-0.0261127632460332
0.2338961330512056	-0.0304425311638753
0.2455391982295219	-0.0350228223032097
0.2516720528935144	-0.0391559518114405
0.2575607159983465	-0.0410106554408568
0.2675269779062708	-0.0456446323565121
0.2864026675651400	-0.0525739502000063
0.2886345142139962	-0.0545452531614428
0.2717058098210371	-0.0521996741840275
0.2636151119435191	-0.0498775336278692
0.2573077127657942	-0.0491857445800968
0.2849414181907439	-0.0576410337694507
0.2853152323816585	-0.0572579155106090
0.2970484292140995	-0.0600084217853163
0.2912068404072531	-0.0592538691998303
0.2886159068550366	-0.0587933725178257
0.3010969835408431	-0.0623353402779503
0.3179074863013995	-0.0668549465837812
0.3062504244260700	-0.0659876024510172
0.3132895730148227	-0.0671244907945817
0.3203216459011674	-0.0685770569019714
0.2424039423324143	-0.1282462188436881
0.3183790457543178	-0.2060629431915717
0.3304635615787299	-0.2154634612689184
