2.6045914349833112	1.1430457802361200
4.5925858464801008	1.0177019591468686
5.6750639460067713	-1.6733730868220678
3.9479891755167618	-4.9836847551912422
1.9833230508053750	-6.2062136814086930
0.5474427373372343	-8.0304773088921042
-0.5812751851577848	-8.4325217353848370
1.5750267394322881	-9.2396311487652412
-4.6295882616397241	-8.9572027646785912
5.8134662220352729	-8.0028086326731724
-3.6539529124704631	-12.4799766291698370
0.8083097122007923	-8.9356612338417261
-2.0425362510715122	-9.7259530854530034
5.3310744999496444	-5.2205436980918920
4.2278017612771590	8.7435665655089210
8.1457580935642806	4.0342699388199028
1.2147125110761847	-7.8496623779169781
0.0954272407126102	0.0032471288449448
7.1156087715462872	-5.7791649132253955
0.1806953140951678	-0.5031234153798394
0.5472831057416762	0.1088956053650808
0.6903655026416713	-0.0200675325746727
0.6152423690873594	-0.4118544456063770
0.1019598601972597	-0.4137950015840821
0.0148603526013495	-0.2647244173718202
-0.2999122633029946	-1.3376256379748810
-0.4173724633441961	-1.0496715297780443
-0.4824195519833192	-0.8954665413673633
-0.7206322658740469	-0.4001826103907862
-0.6079648364823309	-0.0985545210308702
-1.1435466345108725	-0.2874156217221517
-0.2159907241674558	-0.6916056054636737
-1.2101826771240101	-0.4687361306043941
0.3904925977340422	-0.5181199978715926
0.2187192737919866	-0.2161309869067084
0.1288734894698051	-0.1368749985008557
0.0770392807597535	-0.0979773299065534
0.0457574044598089	-0.0734191449842355
0.0322504607393367	-0.0473448361390682
0.0145844027892806	-0.0434454293420157
0.0067719829007700	-0.0328397595933545
0.0020551282970926	-0.0242636139931324
-0.0004942630117161	-0.0177672003336575
-0.0015878321583218	-0.0127631436022180
-0.0019540481138241	-0.0095070002237878
-0.0016435331211833	-0.0078102130588682
0.0334918825122306	-0.0056289954566626
0.0310642950874083	-0.0054886837882112
0.0376710795354426	-0.0062170817864656
0.0454858643709485	-0.0066234006866105
0.0523221970487482	-0.0070433472444054
0.0566966443435541	-0.0079841609366642
0.0604863640319479	-0.0085005610560242
0.0635698485155158	-0.0092523412659455
0.0665528065937061	-0.0096038846770324
0.0690748997191000	-0.0097775858163804
0.0709847176192588	-0.0099230859411459
0.0738042571366657	-0.0097885444161780
0.0745587582789526	-0.0093331652965084
0.0769431755235263	-0.0086134688276071
0.0804491542875398	-0.0068828478531721
0.0856620404356948	-0.0046309475533800
0.0953865941988888	-0.0012744044708284
0.1044160710676657	0.0006855136764073
0.1094463032612652	0.0017606930610011
0.1087492610548691	0.0009040398378108
0.1126601448344857	0.0011176725067391
0.1269405836096546	0.0015345553698786
0.1348750772246493	0.0004050622308548
0.1447088135077083	-0.0008681796555258
0.1588979817158300	-0.0038673137302433
0.1766659682138525	-0.0074486960777990
0.1875250148642576	-0.0108626245474778
0.1999042967574476	-0.0153573780373098
0.2033172670930509	-0.0175910864354636
0.2055379097578234	-0.0212618135373297
0.2206840750071341	-0.0256736617787078
0.2261672578394166	-0.0287696568195947
0.2319194340839228	-0.0322466993990111
0.2401493654024951	-0.0358914012124127
0.2432409093878261	-0.0393191539130162
0.2440820225452868	-0.0401106239395969
0.2658666352553250	-0.0466061095467348
0.2611818137396345	-0.0463826331321843
0.2606014760768814	-0.0479627726366417
0.2615045475451644	-0.0491103521851496
0.2579582675716869	-0.0483228366987842
0.2676101986316814	-0.0509972472898160
0.2733188991133154	-0.0531610511335065
0.2729749857164929	-0.0529452143957067
0.2839937705587061	-0.0572658975360076
0.2898948214423358	-0.0576946037143369
0.3099044587775429	-0.0644127635127066
0.2899035740761979	-0.0586088324426812
0.2864785675620843	-0.0585351708951163
0.3106193260051672	-0.0650795591765955
0.3043743121362022	-0.0639170184010953
0.2989136660526386	-0.0607552304778010
0.2315936463986479	-0.1377552249828761
0.3219980731940478	-0.2065785819736556
