4.6230961989551496	2.2415697546211963
6.7227116642433877	3.7755215807629443
10.4307310553158670	10.3476635075426380
0.2992587670408225	0.6652658602878859
-0.3798786810427034	-5.4042095816457572
4.6878509290485972	-9.9211017358043030
2.7092485425392092	-13.7021602489589880
-3.8279144201989803	-11.0598372653820630
-10.9568525589205680	-8.8007338818521692
-0.4254753011129414	-10.3393979239895820
14.9838197264729390	2.9684493003751813
13.1801866067714710	-18.6423700051698090
3.9579405677029671	-10.9165030614399790
10.8237063622400600	1.3547024548297604
3.3345171670686855	-13.9144008710033160
9.9376269691015793	0.6153494736046650
6.4652918510390718	0.1765200604623545
12.3945675221863620	10.5518288772909990
5.3627730075081219	-0.0424016912401824
2.8131402429482155	-12.5273597177865370
9.7175151078331172	0.7340534143430894
2.3573851379225528	-3.7371265517130996
-0.8116292290631575	4.2618147027802902
-0.5459062656610925	2.3352948664092241
2.3508907168094972	1.7715231353499210
-2.9817988374611772	0.7893085038818710
0.0606087112292892	1.8166610291723568
-1.8095591347628865	1.2639181193961075
0.3281981899420236	1.5401140654053755
0.5093137908485468	-0.0016350103503459
-0.5279080002610789	0.1983449311316227
-0.5452627502261470	0.1843030597821926
-0.5735644137262037	0.1705068169810561
-0.5520237252916380	0.1600451283605651
-0.5391719417836257	0.1519523837321458
-0.5342799041281283	0.1230926861330336
-0.5314815446180441	0.1098235215022347
-0.5246898278997068	0.0963969979424817
-0.5212601323846431	0.0880669961397295
-0.5176799685099803	0.0784370078900492
-0.5136363839324692	0.0708131508027054
-0.5118617835640942	0.0619965815040931
-0.4977539508754659	0.0613446905350973
-0.4827046690045339	0.0600183015049645
-0.5326718899776605	0.0455944672520921
-0.4554862674836843	0.0422749502158916
-0.4266268733761802	0.0907305637657983
-0.4490299978059491	0.0605070020845261
-0.4554791246832334	0.0393238844530495
-0.4809884091000038	0.0530392552318489
-0.4976722555904511	0.0308431470350037
-0.4896660964064913	0.0340299393286754
-0.4872521310885485	0.0303851896687747
-0.4888357738133571	0.0354132128694020
-0.4821720032833559	0.0245988945613977
-0.4788745811738413	0.0289595633945403
-0.4817412547955713	0.0264687155284793
-0.4733124004051537	0.0229882104424127
-0.1530200936463511	-0.4486730927922724
0.3756273533594292	0.2567674796311593
-0.4635256073207881	0.0381452249615143
0.3721226018567671	-0.2623271083798364
-0.1119503827449722	0.4975241959573205
0.3817800094386058	0.2529416506733941
-0.1412729002282792	0.4956595685766398
-0.1081395839084772	0.4851394285776500
0.3836378686264130	0.2501066262647552
-0.4593599794911590	0.0692387876195522
0.3741297380309560	-0.2882059517818456
0.3640817338740107	0.2430540287963542
-0.4197982823086120	0.0975337079643073
0.3783319046272469	0.2111021129541316
-0.4461610928829370	0.0551366133947695
0.3408288822153911	0.2214468511909192
-0.0989088889503660	0.4422411800267034
0.3772786782141337	-0.2924084473115935
-0.4388161557962895	0.0553203311599473
0.2941328195504093	0.2680238925514716
0.3223456696949589	-0.2194234014166916
0.4572918840437460	0.0609296971662194
-0.0758585895921514	0.3794920294678775
-0.0839891651825485	0.4401643881185401
-0.2694629850697944	0.7959680155305541
0.0294476198714745	0.7319814349624461
18134.9975521122650000	-4325.7202982856679000
7098.2386252250963000	3931.7883885617330000
6897.3994068286556000	-5263.1389000125537000
-1525.0114202094771000	-10156.0308568552630000
5079.9584250989201000	-8425.1444223629132000
6280.3024477031458000	1811.9711302813248000
2553.5838691230365000	1461.1947241346661000
5933.7377032125296000	1396.7611945979531000
9213.3326073320350000	3326.8767588264232000
2413.9314340409360000	4683.5185440859123000
2017.9758685627799000	3154.8162486341394000
5719.9661229593512000	-167.8170199144757400
2670.7932973080028000	5088.0743106995551000
649.8304614829400000	-5985.1405323955751000
251.2483457721169200	-2259.0511708329132000
27.3368365866628520	77.0811715591344750
