6.4670912222702395	1.0560831397202153
1.0634093706095511	0.2008138668196965
7.6361167377548380	7.3110210939069420
10.6018587184731490	12.4312700806205450
-0.0218929970049570	1.6669674209744030
16.8016482264369640	-21.1869771751394750
8.7753389380680940	-19.9295451246661810
-0.9269700305859590	-16.6002862824664350
0.9643761186161478	-36.1045187974904920
20.6024078116989210	-7.4466255295121346
16.1455029050041400	-13.0696979861581060
-5.5471653766427567	-32.9496707056284630
17.7522901757302130	-11.6999123256958910
23.8517616817692610	-15.9425919158505600
5.3562382937945614	22.0056209600396750
7.8669276799795318	20.2878953219618660
8.6727328818906511	9.3935031406730491
-0.9448188345826625	11.0798689499045560
8.0076600946570604	1.1763907715207811
0.6466409540835570	-7.3333756130596246
11.6052515665258260	-0.0361530867621443
9.7620741279975789	1.8148166158437411
0.5575481867062604	-5.7325969729858350
3.6009353412016645	1.1864068174861371
4.6579354295355806	2.5917255606906555
178.0721701288231300	-102.3997722332600800
275.5867183375534600	-346.1549537218535900
599.2247567244637600	-240.3482895056350800
786.2533074550773300	-202.6784438470290300
446.6672044232354900	29.5419905330633130
207.3255892714584000	-63.4820711148864310
-0.0018083368408317	3.5902975770645518
4.9642473200679094	-1.3910813981314423
2.7660888750800696	-0.6236893881235065
87.2452791403703570	24.5541687343082740
2.7823661262473456	-1.6096090369756777
33.0697591836074240	-0.9952999677593536
7.5879372434330108	3.1966403106745296
12.8412667546659410	0.6671290284015765
4.3328998986923875	5.6688226353025772
1.9731587046518386	0.8253075378024135
-0.3281094297091112	0.7123450294523369
-0.0494832403454031	0.4343579801564312
0.5344219466026023	0.3310944527225636
-0.0743285993143189	0.5726513266559504
-0.1564071775439703	0.5119442314804742
-0.5331291157925552	0.0378219460551167
0.3489594061554565	0.2557554680282713
0.6256423146249310	0.4436838919010114
-0.5279495849953317	0.0227955196704909
-0.5260746198508450	0.0399321855641551
0.4354186585995623	0.2834127345068697
-0.5225603165325136	0.0328965397200456
0.4317911844731148	-0.3167389513822615
-0.5017148374236675	0.0511253345373316
-0.1169276857608028	0.5048479682959793
0.4378923717132895	0.2640291191010805
0.4192583252349447	-0.3157419608697855
-0.4421919571612166	0.0930304391482661
0.4104468044011222	-0.2674703640031279
-0.0892981985468934	0.5532421641982298
-0.0787087568547858	0.3805240590817616
-0.1979846083392007	-0.6168150053284374
0.4495876532172730	0.2863491449865365
0.3212806549655778	-0.2401952082400775
0.5173438453157623	-0.3131971142762265
0.5558209802700657	0.3027789618328454
-0.4727387985876638	0.1591170303773200
0.3872109695657916	-0.3644179329712095
-0.0927105712650779	0.6101091659417707
-0.1170877479141124	0.5685436479869542
0.6888929711148345	0.2256595131325759
0.4530680147358633	-0.3445710184593581
0.7123723327442111	-0.3251742433597117
0.6067260266645591	-0.9920774839050693
594.1707146033503500	2970.2084736507863000
1417.8168029129313000	4892.8843538378142000
3171.8202037448932000	-520.1779721524608200
5374.3334791543621000	-5116.2952523231907000
2073.5381626260173000	6284.7210002343336000
4380.2406501856931000	4692.1783228500808000
4452.9941804156542000	-469.9976465950715600
2803.7681965691650000	-2120.9203938810060000
3927.0403232557237000	3442.2742666596200000
5250.4625095865113000	-13229.0945621402610000
9539.8293648657509000	625.2872768338284000
5975.3901867060977000	-11104.2026568796430000
11749.2474951740770000	8263.4460005970923000
4318.4127271493162000	7504.0641001522490000
2405.8331641811860000	-11644.3120867317980000
13218.9395098725330000	-1481.8746526277816000
4122.2689135901646000	-4969.7151137034962000
-1289.1348511135752000	8335.8671352864003000
1354.4809084669594000	6993.2831009967540000
2170.0308041036137000	-5944.2845629526273000
5245.2187209621188000	-3888.2674907826204000
4185.8003554137822000	-2357.7490343320337000
5267.9036195862400000	-2837.0223970249917000
2225.2305948066878000	-4660.6698872856077000
1221.0974460057901000	1489.7229150841367000
