-17.6657251579971940	19.8360652070055390
15.3850757306631160	25.5453562960728390
4.8446379590916209	33.1591079443472760
32.3983891395154660	61.6651629262843240
17.2790829769546510	46.4357352100509000
31.0792367473864670	-32.3750672119970200
0.7639042473469317	0.3354085749904085
24.6871318972028780	22.6315170226951170
13.3021786705018050	31.5270796416562080
55.9639101075574670	40.5143471859872830
53.5492497295569190	19.9527613283784970
5.0142711626182068	-88.7413354566812130
116.2331206676335000	12.0466239684838370
97.2872137696278680	-67.7269422602404210
129.4297728550897400	48.4196048730309490
-23.5927549498232910	265.2657213685139400
96.8733976971365110	47.7589651050164790
87.6289484704532100	12.0706898395054040
5.2130504819119636	-0.9102838885063889
1.5806782606623746	5.5177141907677862
5.1604255933029197	24.1582675283444390
5.9036347451993336	8.8174349968505776
2.6815836332350034	0.2386499405280423
1.4956703246128851	2.7630148275781634
2.8462709303068499	-3.4573136723422424
9.0577889720461009	16.2497454289855380
13.4125835430944060	9.0684046612295148
7.1700373681159526	-2.0770900930228482
281.5733767551637900	334.0927494163540200
373.7682300501786000	108.6680048213840900
639.9678297520515600	92.4221820273036910
667.1359749115903200	9.8051563651417126
664.0778337134919400	642.8604880857078600
56.9928013246044500	968.8197108544628700
808.6176522473315300	261.0020552762216000
1498.8766312977411000	177.7035808571488900
-501.7943270865588400	1888.7194958665630000
489.1459516100265400	1049.7331650328995000
156.6603900488315200	-40.7463096566711020
95.6001547934857140	-58.9732567923221680
47.6922551872025690	16.1067004034232110
1406.5834190076705000	1279.1992202701558000
0.5202192938481453	0.3032136132227792
-0.5583713303576050	0.0503916017030386
111.8013056788848000	11.2822807241774190
3186.7767495358112000	487.2929963171877100
-0.5595413931037970	0.0485595472119205
269.4112503360627800	-102.0873611284742600
133.7028032549737000	-25.2732347495663770
-9.3148282252679735	-22.0072366089128590
18.3277687455203090	24.1175688784562820
52.3024049457877070	183.4746317740755000
14.4323581176428280	132.3504962564785800
51.9309071013420720	360.7989373884639700
103.5355108101457800	56.5554697024477090
270.3898022503909100	149.7930738978036800
427.7622783658904400	128.8234999274237400
486.8136436921809600	-157.6554526159353900
398.7811075009641400	36.9955543272976830
592.8791391405968600	-243.4524025847652200
1696.9874491760688000	-527.9712939409236000
504.9299805694934100	-266.5666875156254600
395.0449538342658100	520.8974134563187600
473.9604664781678600	-420.3142945634118600
226.8203490035997400	-1111.1519125128095000
1600.0978561933405000	167.8891757452067600
735.8544190785786400	-1721.4156460774818000
1276.3476178453154000	-224.3465311519059100
1271.7568670916842000	-829.4883394599726200
666.6519902579030900	1945.5495680884815000
1425.0673544273534000	-479.2002267177351800
3350.8487374089577000	1292.1704805148634000
2060.4375736651991000	-405.9404756818237300
826.6935532169806000	-2726.2737382463529000
3536.3364783636598000	1355.6742723874527000
4278.4737002102502000	-462.6144377732364900
5452.2655365898981000	1515.8576171688180000
1172.7474230196351000	585.1420978550717100
3106.9278296174084000	3542.1675707873160000
2054.0181526307074000	-6400.6681725916224000
0.5950447011080615	0.7771328372236864
0.4978880012811401	0.8293492678322559
1.1076198020801458	0.4735658121528403
1.0562913968075693	0.2384803313310610
7101.3821185159486000	1240.5999950177384000
3297.1369708728421000	5748.2290408001245000
3888.2306975771667000	6524.0224778742368000
-6854.5325332594421000	14938.7599210608900000
9178.9204991827992000	6675.9787095742158000
10649.9132943124370000	2101.7959146427738000
-453.8498324815135400	-7550.9629028926729000
6637.4623621535329000	-824.5674403294679000
1588.5892710054145000	4963.8561172207119000
8022.9697552033158000	-2965.0977660049607000
4988.8238005339244000	2141.0052664436294000
1175.0710272995148000	4645.5628313768329000
3399.9320607896107000	-1443.6392631369697000
4847.9966522157310000	-1750.1653285722921000
-404.7921569169166100	3391.7670638177556000
2620.6246350713159000	1014.3052973621279000
