-0.0465834697452860	-0.0227282373460150
-0.0350412390227077	-0.0072626534151406
-0.0262513099593400	0.0025367365769761
-0.0203474485263161	0.0064198443710057
-0.0167610444845308	0.0088229449604987
-0.0133671807371465	0.0091392053930466
-0.0109498345334598	0.0087333701745995
-0.0095333350124758	0.0080891341479549
-0.0084137294970546	0.0076199976465750
-0.0072650388958955	0.0069945657936509
-0.0064484083626792	0.0068118911065718
-0.0067552649694013	0.0065044864166354
-0.0048862935076353	0.0061161034016672
-0.0055216018419975	0.0058489069027718
-0.0038063566389996	0.0052821758751233
-0.0032945559048287	0.0049845743153972
-0.0024613687857730	0.0045860736363312
-0.0029052965103857	0.0043492315773457
-0.0021580346159010	0.0036684774770751
-0.0018370450570166	0.0033974287265586
-0.0018782261713605	0.0030727477827826
-0.0015298174140871	0.0031376092293617
-0.0011660628332003	0.0024457607121695
-0.0010808758886213	0.0021737808661707
-0.0006087958697866	0.0012802272456327
0.0002996000637383	0.0008030083002775
-0.0008144690676782	0.0014405150568270
-0.0010868174498824	0.0010053481569795
-0.0013126040489121	0.0010886786364588
0.0013350248382049	0.0009735842177673
0.0026960865556993	-0.0051973454721897
-0.0005132524941945	0.0010029599557946
-0.0003596854804466	0.0008860427608245
-0.0003675172829147	0.0009070188805862
0.0010337251911183	0.0013096814126870
0.0008362437652328	0.0008664200624185
-0.0002295324907086	0.0002976881347515
-0.0002550639259435	0.0009369149231227
0.0085930067172369	0.0012640597117224
0.0001656067972401	0.0005013286833675
0.0006301383494216	-0.0006248268489362
0.0000105944792250	0.0002954591113852
0.0000700876609763	0.0001992896258673
0.0000455631043758	0.0000642717723970
0.0005327645837662	-0.0004575804525014
0.0005575819715395	-0.0004292304656680
0.0007312105772813	0.0002994793918155
0.0008725950677220	0.0000612581260408
0.0003133970242687	-0.0005326758902670
0.0000685141631482	0.0000566934543817
0.0007601154102118	-0.0003618195686260
0.0008438777054166	-0.0004295781033517
0.0005721195305483	0.0000931542895914
0.0003051447975399	-0.0004068985383628
0.0003505804551419	-0.0004029561025896
0.0010678198821253	-0.0004206665273643
0.0008390721927620	-0.0002998183776036
0.0030533871907248	-0.0058126657266810
0.0003185803522956	-0.0002328933803627
0.0003787665551522	-0.0001738739469846
0.0011731444104385	0.0006830115315411
0.0010647359859497	0.0004646187292074
0.0005094095394803	-0.0011227871616972
0.0022002863519792	-0.0002760622472017
0.0026112216420429	-0.0002311154098780
0.0002594221955568	-0.0028329235136014
0.0022826507457844	0.0032060136355692
0.0029562528484263	0.0051891485631567
0.0048232115882655	0.0020924596087346
0.0048030008764967	-0.0021326552395252
0.0109831832482465	0.0170531000159561
0.0083533064164217	0.0012983023637355
-0.0047646857839676	-0.0089278001853398
0.0052288893029381	0.0054304454889990
0.0139511697991471	-0.0039602275873956
0.0220288648252006	0.0048365795348449
0.0042353486419772	-0.0222967338009490
0.0395484643272217	-0.0055859704352327
0.0210340016554391	-0.0183628193648821
0.0000102005864055	-0.0286270528061634
0.0330509919924160	-0.0154499554377409
0.0461718530086807	-0.0135202229006286
0.0510743329340847	0.0040909770168025
0.0550827563856721	0.0570742501042224
0.0491655546260079	0.0937896173084681
0.0746860170934948	0.0034985662731091
0.0887836764398751	0.0597170542379529
0.1791130129927667	-0.0822234180042266
0.1673057237996828	-0.0344328587152506
0.2417367829380833	-0.0698747514319851
0.1660568146075098	0.1180503639432488
0.2522908647780264	0.1292932293035961
0.1409110815100607	-0.2366091592157359
0.3948677448032018	0.3325165822247658
0.3897548457265906	-0.0838336004715335
0.4044563379341297	0.0575824809858997
0.5422537714124104	-0.0273734013667419
0.5912948783753647	-0.1589383938813140
0.1866161830955871	-0.2788935347228910
0.5220758592014049	-0.1693661841695169
