22.0323745054405440	26.7734000488541210
8.7364654537204718	9.4098131216759100
3.4794225386915416	27.1943068300636560
6.4867834974830325	25.5812353764725980
12.5896930068699880	9.9992692804528165
4.3151074962004605	0.4368095025466949
23.4920492137212410	30.1859669954903080
15.6786331526507170	-20.1924394317658200
13.9592507337844400	-15.4554077381436340
-4.7455616008493680	-29.0725534634791780
33.4527398151230740	9.5129813664695053
14.1372958027846560	-29.8795238365230030
21.0145763312587020	-28.1006306329501430
80.8805492890131030	-21.6113303513306610
29.3566341233559530	31.5582542388293770
44.9442448599911590	-3.3077005698316109
68.8363167778540090	-9.0487690523024114
13.7179803192116960	4.2741264124394931
4.8498783420686387	-10.3671776422181630
9.0846408170512003	-2.5169429852501968
8.7969769940237601	7.6207600404216063
7.8757561214326612	-2.9887266668418540
4.5254117176301909	-1.3466940147491520
6.5000479781206950	-0.8050749819301923
5.0404973563917057	2.1860745585715753
9.5633459142374448	-8.0943493003602622
2.4413249784455933	-3.1360624613177195
12.8683934779562690	12.8152010493629920
6.2624838069324200	-2.2022847932000009
6.4807253198970622	1.4594389338090525
2.9463056685720632	-9.1509832426789117
3.3210903378385312	-0.7868765741938745
3.8500082606902692	-0.1079764839655061
-1.2582554117631124	-9.1560702354858385
4.3047369115033725	-2.5341862071600940
9.7161649410701543	-3.7611546739930839
-2.8295942751537209	13.0675565988628560
4.3342389471399354	2.1294265674833976
4.1536940461768017	1.4192130709572197
8.5328717471601792	10.8834599314768870
11.0004468447960130	-3.1004880285867995
7.4974534917241842	22.3480646314065400
115.7192608225701100	-31.1410462983361680
-0.3658743631854262	178.2426196284429500
279.0317846279795000	-112.3913639196295000
2920.4789776788230000	-624.4127689138989600
3922.0880476729531000	2194.6976557127900000
-85.5164548182236930	263.7916715842762300
326.2817067791944500	334.3810026326775100
249.6697190686028600	70.0887557814088780
275.9427960796115800	-90.3244290999426060
122.1917062844351000	270.4534817406765800
239.7203722719741000	217.6373429659641400
131.8041479354226300	121.5230843681338700
140.2038972986852600	216.8945856900692500
222.6733726986111300	-42.7933349088391350
189.6237650318131800	-106.1376975450291600
328.9952321683692800	-125.0127252282614600
213.7640102094720200	229.9262420646075800
243.3123131552523300	86.2588740114726850
322.7633589974541900	78.8674704236666170
342.6157083250844300	146.7537610316697100
387.9519446283558800	-337.8642431478455700
54.7958170012477130	-232.0321346387562200
517.2879016619828000	85.7728632351164750
738.3386451457852200	-157.1704712670123200
112.0901613540094500	1120.8600178853003000
-23.1767390008577050	-894.7696687073723800
1408.2086791239228000	-127.7678079472828500
444.2038035928499700	-92.2041262025497300
1764.9846740866883000	-256.3871554710903000
2274.1318984473310000	-1690.5691387874290000
1987.9476416781947000	-1157.3769005079803000
3226.1619550414352000	1600.6398779316132000
185.6257037464700400	-2535.8128341406941000
3037.3144363504339000	2570.4839104743178000
268.3987117684806100	-1425.5376369803555000
3806.7470865409409000	-1462.2493691721932000
4524.3787411267458000	491.7002278604624600
2943.4456420575684000	-2512.2629667072060000
4051.0004988761912000	2025.1249938432711000
475.9755190759065600	5037.8466126696094000
4580.1471394714617000	-6614.6675200927812000
5745.7287936297525000	1190.0239124358181000
17759.2045143315260000	-22756.7901860646020000
4738.1731964919836000	-19309.7329065539200000
12678.6517052728230000	-4158.5696862221639000
15299.5702387167860000	-1022.0021332797060000
10719.3234463840090000	5087.2500913268914000
6269.7451162820835000	-10152.3555757573340000
5307.9430376562514000	-11981.0741284502890000
13037.5926640551210000	7578.3111826522618000
13839.9899081550430000	-2707.2179447884032000
-3222.4926560036256000	-5722.2556571015793000
5625.1930391102178000	5190.6038642690773000
3468.1974486383374000	3453.5699092602749000
3442.6740211244401000	3321.7380502168839000
5174.2919917773179000	-4056.8369377009094000
1270.7623314714870000	3940.2100409673330000
3201.0603040145056000	-1639.0957660591869000
