2.8833564174989457	1.7440676494053220
4.1471866896710603	0.3217861507191273
5.8486422662584268	0.4581799519924807
4.9725411444988046	-5.2438725231036409
2.2079864440158663	-7.4649461780188968
3.1120401899563706	-7.8401305422842880
2.0450980152994975	-6.4807371944171512
-2.0474838079842566	-10.9332695236644660
1.0555814805071015	-9.9704263374799407
-3.4624188405586049	-7.1323054434582875
7.1463592586662079	-15.5402055713563260
6.6261561265719946	1.7457842579699505
-4.0284664516220898	-5.5053162154502600
0.3500701956410491	-0.1841800050473630
2.6695028976296555	-3.2997002070889088
2.1276878020800782	-0.4135406074888633
5.3319419515233202	-4.0960400306966509
7.0199960354703492	3.0352248068604197
1.1264309214464063	-2.4008547030562499
1.8353041462919482	-1.4969849480664565
0.0298135696098297	-0.0611450755622097
0.0050201407717398	0.0132792251250857
-0.0080068052768848	0.0058633726194407
-0.0087063952026809	0.0107434545725780
-0.0094834307615291	0.0099570057663935
-0.0084176832271586	0.0117753135718257
-0.0076925043941811	0.0110621824872441
-0.0057648646074534	0.0102592286220366
-0.0050435337597396	0.0087925440496442
-0.0037657746532884	0.0080590518338407
0.0123826510256886	0.0262797196373899
0.0304112321325973	0.0249370450672755
0.0157826431314508	-0.0205910877458030
-0.0223224857399740	0.0053394498477342
-0.0025232604061630	0.0129136458546781
-0.0003361785743877	0.0044666400102572
-0.0010522661934424	0.0030151766047465
-0.0006283459649889	0.0028423886070989
-0.0005220148844381	0.0024342356268045
-0.0004399549459899	0.0020313560353753
-0.0003310253356270	0.0017539455044512
-0.0002828269195848	0.0015002278942226
-0.0002200519823592	0.0013026647546555
-0.0001294575311848	0.0011234148622911
-0.0001025508234231	0.0009962488733319
-0.0000434217863154	0.0008791119876824
0.0000061874130495	0.0007956569331513
0.0000089879534639	0.0007113537085989
0.0000310507718161	0.0006372941391557
0.0000533315802474	0.0005309311726383
0.0000951656724518	0.0004643485247939
0.0000778734794861	0.0004053748012011
0.0001176980620326	0.0003453401890332
0.0001264230187558	0.0003131857378079
0.0001254944639153	0.0002674140630192
0.0001180177494182	0.0001996529879628
0.0001349412112322	0.0001664916022538
0.0001544132325246	0.0001364945672828
0.0001373808063715	0.0000845605441445
0.0001299430271490	0.0000776308133080
0.0000614020722357	0.0000440579837989
-0.0000387085384285	-0.0001580635148716
0.0000612665051519	-0.0000656301619283
0.0000730633605210	-0.0000447806102775
0.0000289963671402	-0.0000707639520237
0.0000545409711380	-0.0000674038098338
-0.0000247237643802	-0.0000789610340583
-0.0000235492793887	-0.0000750912657041
0.0000680604494435	-0.0000271372405121
-0.0000414217308220	-0.0000878992944289
-0.0000643094453350	-0.0000641586866530
0.0000704461270077	-0.0000270124274949
-0.0000288150010150	-0.0000833386641481
-0.0000849377795016	-0.0000559410538367
-0.0000666880474036	-0.0000441802763297
-0.0000207856855767	-0.0000516492108856
-0.0000169348451446	0.0000791086844658
-0.0000101605231292	-0.0000836953934304
0.0000023892806354	-0.0000782682863185
0.0000919490934075	-0.0000053460777680
-0.0000098523038024	-0.0000693566505229
0.0000128117258700	0.0000732406330222
-0.0000007046718333	0.0000793915360374
0.0000160114247014	0.0000914918831626
0.0000301300018222	-0.0000624499915863
0.0000152002703068	-0.0000886809954719
0.0000911012713975	-0.0000396065901647
0.0000062789822299	0.0000753158479672
-0.0000182224196175	0.0000773474416557
0.0000663546861707	0.0000293932052651
0.0000652831787125	0.0000470622636328
-0.0000076878148622	-0.0000783989461417
0.0000545398336581	-0.0000362960880381
0.0000527564683065	-0.0000348718694153
-0.0000272223441017	0.0000641676903051
-0.0000090602515267	0.0000669181682469
0.0000511771028881	-0.0000256867007015
0.0000706469871130	-0.0000576458958710
0.0000529385719665	0.0000512387818534
0.0001437916280342	-0.0000680969436983
