2.5017601434563441	1.4956711269103715
4.7105536705992535	1.2016458189202688
6.8369985875644224	-2.6542341106512852
4.0179595194102911	-5.9748864406934592
2.4683910832974338	-5.5490798024656964
0.9545579372178832	-6.5828381132095286
1.5943482443902823	-8.8564037804801767
2.5750249513147647	-8.5624274502277657
-0.0053887565676700	-8.2312148348140752
0.4127155019797129	-8.4752139692804249
4.9008854825976229	-8.0747535932989187
4.6758329222724244	-8.7751947316434169
4.1164190072244562	-10.7009170395145840
8.0625154135481534	-3.3121613197219686
9.0584597365016108	-8.6918379918816058
7.3582822372430776	1.9111851965026834
6.4666857349125779	5.5777753271420902
0.1285591312458482	-0.0347419142953473
0.0656191451841022	-0.1805682770273849
0.0394274102308630	-0.1232032792889295
0.0422704709994733	-0.1207117935092870
0.0444103549410607	-0.1162355626395695
0.0443379911068473	-0.1103700433572390
0.0425758962872118	-0.1031286405322336
0.0407210594260442	-0.0952837109019546
0.0402624097882670	-0.0862340204501027
0.0375380166901084	-0.0782440396586547
0.0361005240477242	-0.0723202073975712
0.0347467192427840	-0.0660853913294853
0.0339983617098418	-0.0625158548131782
0.0353519221250628	-0.0601754536539654
0.0357469609817003	-0.0581432027649025
0.0342722798905392	-0.0564975745954664
0.0309517501727929	-0.0531610001475192
0.1070892157973530	-0.1248472001751002
0.0691726040574657	-0.1097243975426728
0.0398533207078948	-0.0884718040904925
0.0210615439588149	-0.0705993423072956
0.0263034626001958	-0.0448799162448843
0.0028998448284436	-0.0441237646927597
-0.0013760044039613	-0.0338700424188592
-0.0034075189218974	-0.0254688736801438
-0.0042014627708411	-0.0189064282519852
-0.0039570243260042	-0.0137767471602201
-0.0035168821723327	-0.0104262819217637
-0.0027431916843300	-0.0085239160914131
0.0323238894677676	-0.0064576057144831
0.0285902948098384	-0.0062327190841633
0.0353111749491751	-0.0068163269871759
0.0430291960435989	-0.0070748454644805
0.0495626653550427	-0.0076248514971371
0.0545521851589907	-0.0083400175325185
0.0587627321585501	-0.0089770390484814
0.0626520522796764	-0.0094697582572234
0.0657142796106338	-0.0100402944106765
0.0676684801442505	-0.0103012932030159
0.0699308260143334	-0.0100821829237906
0.0725052576642796	-0.0088371671345176
0.0744138565743567	-0.0096298846470171
0.0776975827386146	-0.0086270616193921
0.0775024173073997	-0.0077389994909793
0.0841328115337648	-0.0055243112504920
0.0934884862625926	-0.0035724065882220
0.1051777968108310	0.0006155134884963
0.1165396787747264	0.0027149973134300
0.1231379278695679	0.0033170184074588
0.1304578696000097	0.0033873989850163
0.1374560587132590	0.0026082956556859
0.1517860562677302	0.0017622181398692
0.1628466564351902	0.0000849146705196
0.1750145263958122	-0.0033449330398066
0.1835943540046292	-0.0074366805230130
0.1958450574745180	-0.0107804903220224
0.2058345542591935	-0.0149665818238296
0.2081329985085498	-0.0177433578320152
0.2184531387419492	-0.0221997477505167
0.2356266814723907	-0.0266510901563872
0.2372484776559883	-0.0305899553744368
0.2296383428881912	-0.0316254711027765
0.2428084014875830	-0.0360562949143802
0.2616419959105659	-0.0417571443313080
0.2713444421499018	-0.0465309734444946
0.2786981692287841	-0.0496684470758515
0.2877794141780278	-0.0542572633041649
0.2919181721145523	-0.0570533590951786
0.2787175216553918	-0.0529495871563465
0.2771998714186454	-0.0531736157589238
0.2904144874780817	-0.0564709553152846
0.2981111827435993	-0.0601269967337770
0.3048505971559549	-0.0618767664028160
0.3076884637802661	-0.0632869394919354
0.3003653512439833	-0.0602769061073096
0.2896435050455114	-0.0584221380382310
0.2892787579699896	-0.0579490329319080
0.3076044252090669	-0.0644016206108044
0.3010262889351555	-0.0621293579353645
0.3164066083739068	-0.0668871393786792
0.2394935877462273	-0.1370398015453403
0.3184071984287051	-0.2010321378385740
0.3278491606076927	-0.2105247463002046
