23.7490323627821380	2.6633163465439860
23.2804527420042430	-3.8677665423548073
12.8528680986241180	-6.7664922005089627
7.6672291640801760	-5.6350014343990376
5.6928737600862087	-5.2278216587613420
4.3523334818496426	-5.0812470016393201
2.6927500867925152	-4.7598617038215254
2.2563657508664581	-3.5156355104411396
1.7907540172995071	-3.2104373559964525
1.5553980745051930	-2.9695622594484932
1.2617004996599759	-2.4465679234310729
0.7907017440267339	-2.3648919044203995
0.8358956979924748	-1.8411751514561601
0.7308911048964861	-1.5864503138554529
0.6738640200555338	-1.3697489060579149
0.6257831560303067	-1.2139172150506510
0.5576099839402116	-1.0084130598818233
0.5216528533974966	-0.8686340134424400
0.4901966133703575	-0.7532597834737489
0.4672278504185257	-0.6515781459352749
0.4488717636652967	-0.5639692347629640
0.4330437003698588	-0.4863859750861249
0.4204108368751550	-0.4195121496799200
0.4113762936164649	-0.3597894842006114
0.4056260824258722	-0.3117498679159897
0.4015053134575648	-0.2700166966493607
0.3967231463365914	-0.2348691671875548
0.3917644041723673	-0.2039214442837224
0.3881307113499911	-0.1753930697483280
0.3828500403801667	-0.1512849803629774
0.3727854265663036	-0.1278705761437567
0.3696365865450785	-0.0905308828494284
0.4118115009400443	-0.0863387945692476
0.3970399124975161	-0.0882890299165074
0.3801229642206374	-0.0771055938409895
0.3773248934703302	-0.0688691540505243
0.3767174180692519	-0.0617870855546003
0.3728660322813038	-0.0549438828769731
0.3697987483338219	-0.0485461170140470
0.3665452689117664	-0.0435650957726813
0.3632102044673219	-0.0392419106244985
0.3603400420180654	-0.0350588502145670
0.3571800482418236	-0.0320787442545270
0.3544211175321055	-0.0291553745834767
0.3523280082311747	-0.0268012842358193
0.3503311202015239	-0.0238719942203683
0.3486972567657619	-0.0220124512407173
0.3473982880297593	-0.0204829650452922
0.3458634420437393	-0.0191790389394051
0.3445944176796520	-0.0181796863597010
0.3440522529041184	-0.0173467422290644
0.3422345410275019	-0.0169536019121883
0.3403243114051116	-0.0160974140574481
0.3383090220213023	-0.0151751108683222
0.3380839602237459	-0.0135423021020875
0.3359645062946250	-0.0117984271073784
0.3357534492351779	-0.0113272169457917
0.3339464840769714	-0.0110360439204567
0.3341409687304041	-0.0102402341663655
0.3334103588101501	-0.0119272883846060
0.3316089145170423	-0.0120607536055642
0.3309795837818385	-0.0115270294601102
0.3301461761679002	-0.0085284891580468
0.3279221032496844	-0.0087381121713143
0.3271003678255162	-0.0112037846163734
0.3235513716464879	-0.0106165580048692
0.3181792503138676	-0.0161298870626980
0.3159688996521233	-0.0084495587285197
0.3116405504108638	-0.0189695261924336
0.3215905148658554	-0.0002289518069960
0.3219944759046454	-0.0161996718961524
0.3084062582716019	-0.0191863641062696
0.3103689888438784	0.0137341099796227
0.2498690954665452	-0.0856451514125598
0.3073360764931377	-0.0193996722353752
0.3350717233201713	-0.0150999601040861
0.3190402297321196	-0.0062176655273693
0.2821940227949769	-0.0040588874259284
0.3286407296534066	-0.0085036552589022
0.2768546908961321	-0.0339025872360273
0.2943397196540019	-0.0280667345640493
0.3274993693296378	-0.0209742732002479
0.2670930579772403	-0.0282943487102689
0.2834549437293725	-0.0210196009278696
0.2697950635824998	0.0882220403263912
0.2947446635557499	-0.0018535345027204
0.2510702051892613	0.0113867284282977
0.2775792166006956	-0.0663340003083043
0.0860707094807803	-0.1394486249579092
0.0727866077771162	0.1251629904658718
0.1267544973938537	-0.0916775326058099
0.1220781949113853	-0.0429176184669757
0.1426498850857327	0.0255005948152973
0.1067174574656706	-0.0673622344153385
0.1007540465484313	0.0612977971847021
0.1087306768706854	-0.0573339037779966
0.0808891834718101	0.0965475203166430
0.1125288034123009	-0.0495050480487530
0.1370294335539248	0.0473535323682796
0.2392857635224360	0.0555824939608788
