20.8720430134422440	0.2982982906756232
14.8533742699658160	-4.2429623663650160
10.9141391815581090	-5.7278223324774675
8.4002004206159597	-6.5148387636654528
6.0130775472900151	-6.0527251527179873
4.0789932903679027	-5.3198828187211511
2.6227362089082162	-4.2641591138714583
2.3568897511815070	-4.0407177778458658
1.7225511036031109	-3.2892505868347039
1.4262995894674080	-2.7959835737300294
1.1095056985884575	-2.4773729617473319
0.7867389246492774	-2.3616197100058747
0.7945587382172363	-1.8419241314737791
0.7061293414478319	-1.5895019266283563
0.6387064374683278	-1.3753077091699395
0.5770448717117934	-1.1881016872734875
0.5458109024547799	-1.0309883784318736
0.5014815915788609	-0.8872283488013565
0.4601239245245806	-0.7607664893272466
0.4348510723205351	-0.6575208619016271
0.4153375910942178	-0.5699939000870756
0.4027163333913381	-0.4933823329562725
0.3945688666749931	-0.4239217395458638
0.3869740704629429	-0.3638840922472667
0.3837793402114884	-0.3154652261493233
0.3826554124752794	-0.2730683398660173
0.3786274401296020	-0.2374082007316966
0.3746385058282609	-0.2063969344042820
0.3703430389942103	-0.1788895493834401
0.3656734221799119	-0.1550352058370456
0.3571606156633305	-0.1313321907537366
0.3514565473510362	-0.1015131943017577
0.3842159239912078	-0.1006872348677881
0.3673413245769256	-0.0930658422624517
0.3610936495182548	-0.0813561566053320
0.3552336622862137	-0.0699962398946343
0.3534200814539244	-0.0618434270763803
0.3485819438570848	-0.0560127863093316
0.3428567918148009	-0.0498730973358225
0.3376681713519247	-0.0452964155775481
0.3335100755632758	-0.0407571896241264
0.3297650717698863	-0.0371104045973094
0.3263763218763339	-0.0342600575340424
0.3230173839625506	-0.0314163865270899
0.3194476798853626	-0.0289436727945290
0.3161418435320449	-0.0267546871200199
0.3136646847740849	-0.0250508133889560
0.3115481953229519	-0.0232802476861293
0.3103650543549396	-0.0217901894557268
0.3102169135228231	-0.0209151215591548
0.3087439154546370	-0.0202027550567897
0.3080460167893877	-0.0190878011619889
0.3065385057752106	-0.0182255752652210
0.3062357752538565	-0.0165253639324495
0.3043828440787048	-0.0159976205523452
0.3054086835977172	-0.0162765392930196
0.3041989621810161	-0.0147150002995194
0.3057240784535874	-0.0112554030245879
0.3040562630433920	-0.0132066667061502
0.3035075522715991	-0.0139480756132862
0.3004941776229298	-0.0116370283375273
0.3022830611069361	-0.0132346274199446
0.3003085936051746	-0.0144547745149392
0.3025262050559129	-0.0099435882342120
0.3015533937358149	-0.0118833446515662
0.2961073447805948	-0.0165150598849667
0.2948336182082657	-0.0158757617691727
0.2899311639709049	-0.0194337799213301
0.2931992354194229	-0.0058514736042936
0.2879500620261934	-0.0178612373553065
0.2934636508359259	-0.0207419360094666
0.2864066334133006	-0.0119943997131310
0.2866137908932056	-0.0006660864901418
0.2338830766238932	0.0494401742674902
0.2673386459946181	-0.0195223433064414
0.2875370089387137	0.0018841902793366
0.2726946453851014	-0.0085385511846037
0.2963062698794883	0.0157910255139191
0.2499801426865995	-0.0085739163819092
0.2576420443694905	-0.0264962630278642
0.2507936922380419	0.0004239794295242
0.2720329477023409	-0.0108166435280205
0.2796992884157846	0.0543355778185501
0.2239565482761123	0.0516348822930624
0.2302084835530665	0.1615762923900584
0.2533605557832163	-0.0802231433545693
0.2648067782646147	0.0167547085146545
0.1266198440133641	0.0285320053170839
0.1024996011568179	0.0012832626228246
0.1010317883019091	0.0453581968063094
0.0777717722546028	0.0712316088182849
0.1194901315358931	0.0386631486455849
0.1020544208880131	0.0432553107450673
0.0802775814971831	-0.0770161688766596
0.0597957632451911	-0.0906535775274958
0.0592902302338895	0.0832734841937169
0.0848771109354193	-0.0473202880805480
0.1214731691234808	-0.0371641008332967
0.0763143506079377	-0.0784980997424455
0.1926278180918696	0.0451932783900204
