2.4792136622059755	2.1015379048246645
5.0795696117702640	0.9309201230425996
9.0302724409518440	0.1375562259494352
8.9972345789089552	-10.3712060636262980
8.8382680694088851	-8.3876714760781486
5.9290328951674587	-9.7063961118109781
11.7827740096140070	-1.8817254812274535
8.0003281738114058	-8.3662096498486367
8.2123042186006785	-4.9703169830513358
3.2405142941054690	-11.0575276750964890
9.9282267229149372	-9.4822476798229562
11.9651370185488530	3.3882438817912308
-1.8525123943267210	-10.6738951144488840
1.8771877033338573	-7.4521704472556154
4.0710776235023749	-13.0719976946560550
1.3164584267540400	-11.4271970112352450
10.5380062428473330	1.2378579350475449
0.8010067683165660	-3.6248712188351129
4.1114854691982616	-1.3870980614275930
2.7618205404575114	-3.3386718573826935
1.7197748456858013	-0.9573661995815044
4.0004097128931129	-0.9198550442766454
1.0589942103192374	3.2740026949738863
4.4939319686183392	4.4686738141883078
1.8703363617910242	-2.4693819327907698
1.4979446360567723	2.7811911824416740
2.2175275605794935	-0.9142748090235400
6.8396690914928495	-0.3323263309599250
10.2320842013397150	-2.5571278248961282
2.7604387046927839	-0.4070192636163367
3.4189632647216683	-2.4506814427321379
3.4950912411736175	0.0848509165856921
1.2017716735466217	-2.1809412811605258
3.9413257856555761	0.2467089502418860
-0.9559308486089557	-5.9530285454540852
0.6810577199345516	2.1207967002552977
1.4751754118589886	0.9994587800641323
1.8084132706362390	-0.2986328121609336
0.5805561676210970	-0.7960596771204158
7.0340618487599054	0.7001948380342629
2.5253898615195980	2.6512990018930340
2.3259327844570179	2.9290607060459020
4.7689697303774432	2.3791245147349178
0.0366472388619276	-2.4737561502604004
1.0630416626704371	-2.1258775481342260
3.0267397933241487	-0.3943226111697981
1.5004027918702116	1.3279042912249104
3.1402588301521619	-0.0182007043430939
3.8292437227266927	0.4198258158043327
-0.0976383231820420	-2.9258388830708975
3.9779214908621370	-0.2580766263785267
2.1500399024252461	-1.3078607288887387
2.2959113884036455	1.7851382662423534
2.1640047481882645	-0.3642708848446343
0.4918057849875235	1.5049276705880983
2.6616426849475889	0.3766471386885955
2.4485366996133227	-2.8421462728751878
3.6630219185139152	1.3895237698897818
-0.3014762003868086	2.8013739149085426
3.4564741255839326	2.3017442188082939
3.5387061767397014	0.3443327692445112
-2.0174962791151128	-4.5469317414965165
-0.0620455504447487	-5.9214749998664669
4.4203296721226053	2.4467172697777517
6.4687356584983036	0.8215173462913192
3.6116987975883172	-1.7725865504045839
5.2137349538339972	-0.2712237065183739
9.4328386080773896	3.3345089747919534
-7.1759923753830250	7.6525452056957723
7.5589486329244089	0.1012735961503918
7.3232293879942469	5.6446488722052193
8.4252628635651075	8.9690601179560154
16.2719681818583340	-14.9505618641076770
-18156.3468107010160000	-25758.1747520737840000
37.8087076258114290	1.0013117900653234
11.3545892878489080	9.8692577876410770
6.3980622935148856	-17.1322475301420310
23.1269885102595010	-4.3897921486200486
19.7912481514684800	20.7374753917198400
29.7510948400825300	4.6882177404034859
6962.0984417665341000	-9865.0984905615987000
6754.0513463842408000	-8886.4802733337601000
1166021.7879388018000000	-1064657.0599784350000000
1066987.0731014002000000	-735243.1563771533500000
2997778.9903584300000000	685787.7905265876300000
1527530.7379398148000000	-155245.4921701547300000
1160228.8989478776000000	778301.7572318544800000
735785.5416398686400000	-688956.2836002155700000
934712.9789575478100000	-528847.0917384148300000
1176527.6184821513000000	363641.2693404113500000
1938497.5604796524000000	372630.8223813751200000
3271916.7631237512000000	2324280.1604040400000000
2641255.4598496556000000	-1715912.8851720728000000
17838664.4399679150000000	-3681925.1889802045000000
5901952.1057543568000000	-6111545.6716783112000000
6428330.9610982258000000	1269319.7744808828000000
7805444.4422347844000000	3108239.2936319597000000
5517345.3701760937000000	-15864030.0862406940000000
11635545.3535106000000000	-4936337.2899910612000000
19878939.9240608400000000	-475657.8063383562800000
