83.8917273718304410	72.7194303717868140
22.4836922098528010	29.0411183561445160
15.0572923435263120	107.1187812542153500
53.9763896784686350	117.9565686299846900
27.3859780578873570	118.7796474222740100
31.9462516442104310	109.5922936921995900
54.7605482529598650	119.7762504055258600
75.7251095902921630	152.0954243124544700
67.5273485115360190	187.9587909636764500
98.9051054239902360	182.0960567808367000
86.1772062520684730	224.2946764720133200
124.4696802287475600	370.3477148464835400
74.3198174191603870	312.4258785722692600
93.5363919286783560	403.1040562235344300
92.8300040048717390	475.5271715006255700
457.3004886627596200	1157.5204673703670000
562.7583172555415600	1307.2081250157385000
689.4334390207922100	1404.3948526711927000
792.0654822494825600	1538.8990318513925000
891.6024169854011900	1678.7829543488735000
983.8814496781517400	1814.7253919162051000
1121.9652759582139000	2006.4688093820564000
1201.3277239025399000	2217.9280886764573000
1515.6335427970434000	2382.7717960377777000
1581.0931634268925000	2719.0793884271170000
1918.5955646584225000	2774.3585919604147000
2026.8385408916097000	2412.8104192298661000
2017.0665715843429000	1482.6073430402284000
2162.0367258245415000	2057.5318299804189000
2339.0541086732187000	2591.9236203782016000
2536.0135947576200000	2828.0221382632953000
2810.4207991887820000	3416.2372945413217000
2817.0408619835130000	1498.8927647540368000
112.3319460810282200	2933.6364749175900000
-0.0002811130915897	0.0007825584336713
-0.0002580661900728	0.0008347703025605
-0.0000292701862452	0.0005712432287944
-0.0001097847460537	0.0007604276131203
0.0015686616901394	-0.0004402580246200
0.0000854435549392	0.0004487255743879
-0.0000308494014432	0.0002843065186636
0.0001309351279497	0.0002833251771110
0.0001375774001112	0.0002128402336167
0.0001240254681873	0.0001244106529516
0.0000959590790260	0.0002686740663283
0.0002374614448762	0.0000103076866979
0.0002417402298304	0.0001077935517888
0.0002408289888011	0.0001078390292758
0.0003431803397484	0.0001612048171716
0.0000332256608288	0.0000102609899833
0.0001234389319072	-0.0001148508822668
0.0001943617041708	-0.0000822773771670
0.0001049525605582	0.0000577236880922
0.0000887244905510	0.0000057493123679
0.0000549312543616	0.0000121097165671
0.0001172896597889	0.0000122242127764
0.0001416974174432	-0.0000200565871058
-0.0006487691720725	-0.0011307751367572
0.0000729453911761	0.0000022308151265
0.0000942774540415	0.0000156427473710
0.0002104103960580	-0.0000627508181506
0.0001354749409910	0.0002822355886713
0.0002136696070503	0.0000161969545038
0.0005515662730032	0.0001523088869514
0.0004037860624742	0.0000547143906439
0.0004896043917978	0.0007500936440356
0.0004055402000608	-0.0008026534579994
0.0007671877584663	-0.0001623741853147
-0.0001057288247158	-0.0016371956363105
0.0013458549468032	0.0001658806553384
0.0018191704821727	-0.0005382415119135
-0.0010207253384349	-0.0031621428450683
0.0023600890057104	-0.0015622025148284
0.0025244820139417	-0.0002258220497605
0.0018145352444777	-0.0024615571860731
0.0032274759181173	-0.0036641354660455
0.0028344387939941	-0.0036473921736446
0.0036393162602560	0.0023968005858024
0.0009474167693773	-0.0034481442451321
0.0079830999538904	0.0047728272311810
0.0090240832563420	0.0015906243334006
0.0088281592488044	0.0027566421955174
0.0132958443415826	-0.0019325374330726
0.0162036959627637	-0.0088232809798797
0.0255241729879169	0.0097358379431431
0.0203793001380754	0.0137467810981390
0.0292885008968567	0.0009912914244478
0.0184230518515341	0.0277059489689784
0.0398317978292616	-0.0043875478775451
0.0018958949460208	-0.0277349946654443
0.0309474046245125	-0.0050120875534157
0.0486410424546420	0.0036431692589021
0.0161779962135061	-0.0735412451678543
0.0424562240020461	-0.0529107126362033
0.0712945513830792	-0.0221204604844440
0.0746662205675889	0.0143393787097202
0.0450664923838038	-0.0499034750125096
0.0438185599463806	0.0688273252945050
0.0812317726634762	0.0326504995575589
0.0769349668227378	0.0518136799632292
