14.1413241170133970	3.2131550369009867
6.0361427987826746	2.8357256476388764
11.2365868082840860	1.0267424633381508
5.0915169333561643	-6.3769038563235139
5.4637201694772317	-6.6471885839247182
2.8940785635488586	-7.9616330890426195
-7.4350519115675215	-11.8926598216051180
10.7663591710869650	4.0002629593260499
5.7285989617481334	-7.6536492683006161
6.6293200596617092	-7.7689866366264546
9.2157602176652098	-0.3579961784085299
6.8966801837151417	-8.9085691050240143
5.9673266112091810	4.9503274472514196
11.4033838914184430	5.6890596138715628
-0.4732406527762962	8.8165935513006382
5.9109163247988485	-2.1752950231879318
4.4496119642578691	0.8541190290808137
-0.7398024575759593	7.3010414568095170
2.9859559787000847	1.6338485406510241
4.4257737241992752	-1.3333522491372567
3.3467976745610497	-1.8636024114995295
1.7150609288674761	-1.8299537083104924
2.0534783879653116	2.0932058192003664
4.5525504377573904	0.2228889640347492
7.6764471086500228	2.5642444922192951
11.9700028122460380	10.3155396614074810
1.7967833840454441	-9.3116347516155074
1.9100717359277966	5.0193032454294171
1.6991235512889162	-11.3180484475274080
13.6609090680468610	-6.7178478208169254
24.5022368925507760	6.5524333672339621
-2.9788930469964847	-16.1574065174102830
16.4402167310777760	1.1967390616270248
7.0127071959359375	3.9235322613367001
6.4044935134076777	-0.7650550864955338
-0.0509471928232777	-1.3726587289752770
0.1150597937324982	-1.2730638754840222
4.6029014500822321	0.2259108731841010
2.6193070837600452	1.4936320903876641
2.4106055498785772	-1.3907840224769634
4.3961362172719811	1.0658331946091864
1.8755647756466303	-1.0429599599869244
1.0960994722492501	5.1699395769811618
2.7332382104157711	0.4020041570421903
2.2535116469258276	1.2895683727084359
2.0950661579803165	1.2522494562925024
3.7961162893179119	1.8251443556537119
2.5611041304806363	-3.1362111517865943
4.0879479361880851	0.1858494900228898
3.4749934247862311	-3.4000275394236130
0.7412298571202576	0.8837008220500808
2.6695816568077659	1.7668800064166328
3.4729191943819142	0.2645433936133795
0.0385092156518339	2.4616590142385442
3.2643095363302059	2.3945693239611212
4.2208318177088557	3.6368890903639772
0.9009999902365394	3.9868688736321221
1.0170873702178811	-2.2723312329081846
2.0461472348199985	6.3237188192971390
2.8725605289644345	-1.5185083943182074
2.2998538588314963	-1.6562078547667718
2.9566947137840272	0.5273867181660957
2.6020977145418915	0.7121295055863997
4.0221330923665670	-0.4711788523416849
0.6694571258704500	2.8844740035342120
2.9379513354636502	0.5158667669855159
3.4790836828679237	-3.3761462911478048
5.0284488653535782	3.0475102835210559
3.1814797789646740	-5.6156810504586181
5.7425424743587712	2.1440416294661699
2.9736369031249188	-2.5458084378681902
8.4845444630227309	2.2539475619739653
1.9043379466687747	-10.1690792669791640
-41618.6513152723860000	-41901.8277655344140000
17275.0582734059130000	-54177.5962006182740000
10.6947395027308470	-4.2768329360132400
4.6063535345274014	14.7635361949880010
8.1946959022393955	2.8737768651718429
2.9574092676695272	9.5871058172076271
4.0876326577563109	7.1237711879908847
8.1193563697325235	-5.5421261543426237
6.1587782142633039	9.3018967793360687
-1.7651462726905911	-11.4252221074001770
10.0781649662457760	-5.5756580545864409
5.8357789957449357	-4.8290504663602878
9.8422269886909088	9.3083159148277712
17.7843128299171450	-0.5682815160960072
12.0112196681162740	3.0697981753152983
8.6072505972999860	-11.7333533614452660
13.8124370857868270	-18.1136497617787600
16.9038163197375720	-18.1109208118167720
15.3934510702740930	-26.3633943257077950
13.9281018441703260	-21.9123534847459570
39.3758104818264700	21.0855053553205880
33.7909332441601440	-15.7680504107214720
27.8741503084227060	5.0844367750519952
7.7615851923551977	-24.4855088835012250
21.0941826131267090	-4.1654246663532328
94.4632239884709720	-10.2284708358047530
4105187.2961727437000000	1256816.9981535375000000
