10.7110862097844010	-2.6906891285060888
6.5100172203668496	-2.0997869039969519
4.1310711406504881	-1.3178118320209526
2.5421237602930340	0.9846534422245171
2.0541268674873163	0.6713298675077145
1.8187014626783524	0.5821487878544355
1.7058510963882541	0.5215517737200585
1.6648168808511141	0.4861720931500604
1.6443279063833234	0.4437636567968923
1.6411317237391270	0.3909445960070691
1.6434618971065333	0.3382821689857181
1.6483729611016600	0.2826790579089761
1.6501909744593564	0.2291285617523977
1.6403750346154431	0.1899544099531226
1.6332236887257714	0.1611400423218156
1.6240327098999254	0.1388034507719299
1.6174058364496890	0.1171605432894727
1.6117392054245117	0.0995189687534780
1.6083409224837188	0.0844001349952189
1.6054714556807497	0.0723682184594311
1.6026750050983585	0.0618730841207709
1.6019286377607627	0.0542298227462573
1.6009811784599526	0.0467756255807532
1.6008575149409614	0.0416432908842851
1.6009152075684536	0.0360157000553337
1.6016286968302487	0.0327523294992845
1.6026358247922696	0.0287272622788582
1.6030962601177796	0.0254446046103648
1.6035679635887796	0.0220400881476632
1.6037149090499585	0.0192323343073335
1.6043652231257839	0.0167794483050745
1.6046238574975593	0.0148375420559054
1.6051990728588277	0.0131388189261166
1.6056572231470057	0.0111282626298794
1.6058503304878666	0.0101934164037033
1.6066344602067326	0.0087270912570994
1.6071685061870782	0.0076780423745942
1.6069763354420807	0.0068099822333760
1.6067915841037244	0.0060754011255564
1.6070350808057505	0.0048429161196414
1.6071928907041930	0.0048137338930474
1.6072549994611778	0.0042123774810291
1.6073942643079175	0.0035426850134768
1.6076889106958343	0.0032056330441364
1.6076404671249738	0.0029415737816400
1.6073637167708124	0.0028477532029567
1.6073701949991361	0.0025198345273253
1.6077833597642446	0.0024133521624372
1.6077118242806572	0.0022698381932847
1.6077706896631705	0.0023014819044447
1.6080333238356688	0.0020571501132575
1.6082753007511819	0.0015565095863099
1.6085497980465653	0.0026907717435765
1.6086397538479678	0.0019671824059906
1.6086678399095313	0.0019023406928611
1.6086792964313108	0.0023425813601529
1.6084176550924534	0.0021696747034454
1.6090142131419340	0.0014662302150132
1.6087189088665002	0.0015522596309074
1.6091156716859956	0.0015350907018487
1.6088222333836242	0.0015255474777032
1.6088248820194866	0.0012755747720704
1.6089030415818018	0.0010271455614821
1.6082958616201171	0.0009915573049907
1.6084884984212411	0.0010862073009335
1.6084673740291155	0.0008539140164786
1.6079503035920133	0.0006080556016044
1.6072853095419468	0.0006448028793759
1.6070685370810038	0.0005870854652059
1.6070900413334848	0.0005914843737318
1.6067103661173514	0.0003857510824370
1.6066147524888765	0.0004543415064114
1.6063683231598975	0.0004063311972832
1.6060311318946119	0.0002067175680305
1.6054996669138519	0.0002729850375957
1.6049563115952095	0.0001491431657135
1.6051192010363160	0.0001663555176626
1.6046446399033940	0.0000104682667722
1.6041236770909184	0.0001127232146860
1.6032876439224659	0.0002091410182265
1.6028093345117753	0.0001705512554676
1.6025198493178303	0.0001955663953181
1.6024620488022829	0.0001665193636620
1.6019966839168542	0.0002490286243244
1.6016713054250249	0.0001867526327190
1.6011026527232464	0.0000485563839876
1.6004539534462543	0.0000321288730517
1.5998807511061095	0.0001571919800265
1.5996190901392304	-0.0000220246273792
1.5990061566594695	0.0000692080406052
1.5986144104730975	-0.0000221823096166
1.5980369681621538	-0.0000228600946152
1.5975884631867134	0.0000400463186662
1.5964164315432499	0.0000476720757438
1.5951622049693268	0.0000049441127349
1.5941026622408683	0.0001223805209618
1.5933784597435836	-0.0000384829578915
1.5921480602939830	0.0000473168571600
1.5912184708845603	0.0000954936987347
1.5891540552334167	-0.0000215584956977
