4.9874136500758750	3.2633692350281045
3.8978260678171535	1.1287089820989975
2.3668835684226455	-0.1565432563078755
1.6901775899105942	-0.8346300472844453
0.9417043037313755	-0.6827109205832190
0.6860865554602523	-0.6299252998700523
0.4953566361551522	-0.5144311053343025
0.3932117897524318	-0.3936033377916605
0.3327319811553218	-0.2964539197321568
0.2901202612291791	-0.2226138476013322
0.2727602590194683	-0.1695833500242966
0.2590153904288819	-0.1276386521192507
0.2488026029850249	-0.0999657252927602
0.2461167860506711	-0.0783773301064898
0.2437226037838365	-0.0594428590820327
0.2422495143927075	-0.0460928085236220
0.2422221689222112	-0.0367427679845036
0.2421594966560685	-0.0294980999864510
0.2425776377475360	-0.0243176532640757
0.2430373385179301	-0.0197032644369654
0.2442571569263237	-0.0171555114040692
0.2443377742031950	-0.0156531149657001
0.2437910742944676	-0.0144346757733817
0.2431829821972547	-0.0132660394394018
0.2423965708139518	-0.0120454865112592
0.2420145577838555	-0.0107939382572867
0.2416821321768085	-0.0099342707339896
0.2412931948501532	-0.0090908540647812
0.2406541777847254	-0.0083030192367209
0.2401007485848303	-0.0074631103323029
0.2395145119585973	-0.0066236292758712
0.2390732323562931	-0.0058146779830059
0.2386839088541224	-0.0050286537829138
0.2383635398888335	-0.0043153376994002
0.2381274984677335	-0.0036441781016658
0.2380003910923333	-0.0030309274556891
0.2379411273442806	-0.0025888397475205
0.2377918986101660	-0.0021451610722726
0.2378053912632208	-0.0017373557683226
0.2378030071236048	-0.0014112187986838
0.2377954446380470	-0.0011547073721849
0.2377946608696644	-0.0009484216874139
0.2378716072160875	-0.0008128299509876
0.2378757786622178	-0.0006306101665018
0.2378333520742212	-0.0005542361931064
0.2377859558906691	-0.0004421608789531
0.2377734006230265	-0.0003290776454787
0.2377622149594430	-0.0002733075487118
0.2377415851988863	-0.0001961353782888
0.2377149005521897	-0.0001654022446687
0.2377057193037253	-0.0001193415688673
0.2376914747983322	-0.0000964212871887
0.2376456367785463	-0.0000398200458587
0.2376342436655357	-0.0000354697389780
0.2375891358278335	-0.0000275807725456
0.2376364727029691	-0.0000134638147993
0.2375729920352062	-0.0000275824383149
0.2376231695413729	-0.0000200780980747
0.2375535456103278	-0.0000099387628715
0.2375222842173686	-0.0000338773048308
0.2374963169220852	-0.0000186425893052
0.2374417796159055	-0.0000236235742364
0.2374265537783580	-0.0000405560171781
0.2373865852854106	-0.0000150103312523
0.2373520557746405	0.0000026115894168
0.2373536818424112	-0.0000435512917736
0.2373305510362842	-0.0000456104231902
0.2372604629832363	-0.0000222224627491
0.2372636053331535	-0.0000111948181893
0.2372236881952670	-0.0000173295344278
0.2372015118650255	0.0000013996929133
0.2371828445775350	0.0000100289303020
0.2371612555797868	0.0000096876934120
0.2371446377904868	0.0000062985212666
0.2371504969082722	-0.0000095271726072
0.2371061747422127	0.0000066310298377
0.2371168969814686	0.0000035446249257
0.2371022396005253	-0.0000325327747895
0.2370742831313185	0.0000041940005381
0.2370592294650154	0.0000096379582680
0.2370098877312858	0.0000270332294069
0.2370164507231199	0.0000116917394741
0.2369964202248619	-0.0000059442565247
0.2369996069548563	0.0000154929961282
0.2369628677709622	-0.0000115026562756
0.2369491637343600	0.0000008890600376
0.2369723316019324	-0.0000092092732590
0.2369472702316181	0.0000312573732285
0.2369174433758485	0.0000086677028525
0.2369057487594483	0.0000091163132651
0.2368880023979611	0.0000061872208829
0.2368636409558389	0.0000076485211973
0.2368552360505096	0.0000177261511570
0.2368342936274962	0.0000033540614766
0.2368089722123014	-0.0000046522756579
0.2367869732479253	0.0000094603499472
0.2367554618480238	0.0000071744007626
0.2367324352167803	0.0000139128078455
0.2366839075812013	0.0000073923106185
0.2366264068145259	0.0000073228135249
